0 3.43491440432865
0.0204081632653061 3.50573489839355
0.0408163265306122 3.57801555762975
0.0612244897959184 3.65178648747998
0.0816326530612245 3.72707841409593
0.102040816326531 3.80392269713608
0.122448979591837 3.88235134282704
0.142857142857143 3.96239701729451
0.163265306122449 4.04409306016898
0.183673469387755 4.12747349847178
0.204081632653061 4.21257306078787
0.224489795918367 4.29942719173026
0.244897959183673 4.38807206670316
0.26530612244898 4.4785446069693
0.285714285714286 4.57088249502772
0.306122448979592 4.66512419030914
0.326530612244898 4.7613089451943
0.346938775510204 4.85947682136303
0.36734693877551 4.95966870648018
0.387755102040816 5.06192633122582
0.408163265306122 5.16629228667604
0.428571428571429 5.27281004204282
0.448979591836735 5.38152396277904
0.469387755102041 5.49247932905709
0.489795918367347 5.60572235462851
0.510204081632653 5.72130020607222
0.530612244897959 5.83926102243992
0.551020408163265 5.95965393530607
0.571428571428571 6.082529089232
0.591836734693878 7.14453062577042
0.612244897959184 7.27252485230458
0.63265306122449 7.40315804251978
0.653061224489796 7.53648460613044
0.673469387755102 7.67256007466143
0.693877551020408 9.20593019067467
0.714285714285714 9.72623861146031
0.73469387755102 10.0298108352957
0.755102040816326 10.3025480374502
0.775510204081633 10.626452610887
0.795918367346939 10.9009048316203
0.816326530612245 12.230623469217
0.836734693877551 14.8096586626773
0.857142857142857 18.0318935178619
0.877551020408163 22.078170884455
0.897959183673469 22.7609106367859
0.918367346938775 24.4596367372805
0.938775510204082 23.6250315795861
0.959183673469388 22.7405839014165
0.979591836734694 23.1638214556956
1 25.0464913685614
