0 4.83520738201572
0.0204081632653061 4.83520738201572
0.0408163265306122 4.83953346880696
0.0612244897959184 4.84818981921167
0.0816326530612245 4.86118478829164
0.102040816326531 4.87853091218249
0.122448979591837 4.9002449123439
0.142857142857143 4.92634770122433
0.163265306122449 4.95686438933846
0.183673469387755 4.99182429375486
0.204081632653061 5.03126094799122
0.224489795918367 5.07521211331375
0.244897959183673 5.12371979143708
0.26530612244898 5.17683023862033
0.285714285714286 5.2345939811549
0.306122448979592 5.29706583223859
0.326530612244898 5.36430491023072
0.346938775510204 5.43637465828208
0.36734693877551 5.51334286533322
0.387755102040816 5.59528168847435
0.408163265306122 5.68226767665921
0.428571428571429 5.77438179576542
0.448979591836735 5.87170945499286
0.469387755102041 5.97434053459152
0.489795918367347 6.08236941490983
0.510204081632653 6.19589500675379
0.530612244897959 6.31502078304717
0.551020408163265 6.43985481178246
0.571428571428571 6.57050979025173
0.591836734693878 6.7071030805464
0.612244897959184 6.84975674631442
0.63265306122449 6.99859759076297
0.653061224489796 7.15375719589428
0.673469387755102 7.31537196296218
0.693877551020408 7.48358315413613
0.714285714285714 7.65853693535944
0.73469387755102 7.84038442038798
0.755102040816326 8.02928171599528
0.775510204081633 8.22538996832945
0.795918367346939 8.42887541040734
0.816326530612245 8.63990941073071
0.836734693877551 8.85866852300894
0.857142857142857 9.08533453697259
0.877551020408163 9.32009453026165
0.897959183673469 9.56314092137218
0.918367346938775 9.81467152364445
0.938775510204082 10.0748896002757
0.959183673469388 10.3440039203405
0.979591836734694 10.6222288158
1 10.9199883211166
