0.249900000000083 0.0718017870654308
0.249800000000083 0.0717624116254414
0.249700000000083 0.0717230397307643
0.249600000000083 0.0716836713840471
0.249500000000083 0.0716443065879421
0.249400000000083 0.0716049453451052
0.249300000000083 0.0715655876581919
0.249200000000083 0.0715262335298599
0.249100000000083 0.0714868829627778
0.249000000000083 0.0714475359596035
0.248900000000083 0.0714081925230049
0.248800000000083 0.0713688526556543
0.248700000000083 0.0713295163602259
0.248600000000083 0.0712901836393866
0.248500000000083 0.071250854495825
0.248400000000083 0.0712115289322134
0.248300000000083 0.0711722069512355
0.248200000000083 0.0711328885555801
0.248100000000083 0.0710935737479303
0.248000000000083 0.0710542625309821
0.247900000000083 0.0710149549074215
0.247800000000083 0.0709756508799492
0.247700000000083 0.0709363504512663
0.247600000000083 0.0708970536240658
0.247500000000083 0.0708577604010548
0.247400000000083 0.0708184707849423
0.247300000000083 0.0707791847784345
0.247200000000083 0.0707399023842417
0.247100000000083 0.0707006236050779
0.247000000000083 0.0706613484436633
0.246900000000083 0.0706220769027132
0.246800000000083 0.0705828089849505
0.246700000000083 0.0705435446931031
0.246600000000083 0.07050428402989
0.246500000000083 0.0704650269980479
0.246400000000083 0.0704257736003098
0.246300000000083 0.0703865238394072
0.246200000000083 0.0703472777180771
0.246100000000083 0.0703080352390611
0.246000000000083 0.0702687964051057
0.245900000000083 0.0702295612189548
0.245800000000083 0.0701903296833513
0.245700000000083 0.0701511018010551
0.245600000000083 0.0701118775748158
0.245500000000083 0.0700726570073843
0.245400000000083 0.0700334401015268
0.245300000000083 0.0699942268600018
0.245200000000083 0.0699550172855787
0.245100000000083 0.0699158113810179
0.245000000000083 0.0698766091490917
0.244900000000083 0.069837410592576
0.244800000000083 0.0697982157142389
0.244700000000083 0.0697590245168658
0.244600000000083 0.06971983700323
0.244500000000083 0.0696806531761222
0.244400000000083 0.0696414730383233
0.244300000000083 0.0696022965926225
0.244200000000083 0.0695631238418109
0.244100000000083 0.0695239547886874
0.244000000000083 0.069484789436043
0.243900000000083 0.0694456277866782
0.243800000000083 0.0694064698433995
0.243700000000083 0.0693673156090061
0.243600000000083 0.0693281650863098
0.243500000000083 0.069289018278121
0.243400000000083 0.0692498751872501
0.243300000000083 0.0692107358165165
0.243200000000083 0.0691716001687355
0.243100000000083 0.0691324682467323
0.243000000000083 0.0690933400533271
0.242900000000083 0.0690542155913518
0.242800000000083 0.0690150948636314
0.242700000000083 0.068975977873
0.242600000000083 0.0689368646222916
0.242500000000083 0.0688977551143484
0.242400000000083 0.068858649352009
0.242300000000083 0.0688195473381161
0.242200000000083 0.0687804490755169
0.242100000000083 0.0687413545670591
0.242000000000083 0.0687022638155962
0.241900000000083 0.0686631768239843
0.241800000000084 0.0686240935950778
0.241700000000084 0.0685850141317384
0.241600000000084 0.0685459384368295
0.241500000000084 0.0685068665132157
0.241400000000084 0.0684677983637675
0.241300000000084 0.0684287339913539
0.241200000000084 0.068389673398855
0.241100000000084 0.0683506165891427
0.241000000000084 0.0683115635650976
0.240900000000084 0.0682725143295999
0.240800000000084 0.0682334688855468
0.240700000000084 0.0681944272358116
0.240600000000084 0.0681553893832968
0.240500000000084 0.0681163553308896
0.240400000000084 0.0680773250814911
0.240300000000084 0.0680382986379986
0.240200000000084 0.0679992760033191
0.240100000000084 0.067960257180351
0.240000000000084 0.0679212421720082
0.239900000000084 0.0678822309811993
0.239800000000084 0.0678432236108394
0.239700000000084 0.0678042200638447
0.239600000000084 0.0677652203431401
0.239500000000084 0.0677262244516408
0.239400000000084 0.0676872323922753
0.239300000000084 0.0676482441679725
0.239200000000084 0.0676092597816647
0.239100000000084 0.0675702792362848
0.239000000000084 0.0675313025347691
0.238900000000084 0.0674923296800557
0.238800000000084 0.0674533606750962
0.238700000000084 0.0674143955228263
0.238600000000084 0.0673754342262011
0.238500000000084 0.0673364767881688
0.238400000000084 0.0672975232116848
0.238300000000084 0.0672585734997068
0.238200000000084 0.0672196276551931
0.238100000000084 0.0671806856811122
0.238000000000084 0.0671417475804263
0.237900000000084 0.0671028133561018
0.237800000000084 0.0670638830111171
0.237700000000084 0.0670249565484463
0.237600000000084 0.0669860339710603
0.237500000000084 0.0669471152819466
0.237400000000084 0.0669082004840897
0.237300000000084 0.0668692895804671
0.237200000000084 0.0668303825740801
0.237100000000084 0.0667914794679114
0.237000000000084 0.0667525802649698
0.236900000000084 0.0667136849682377
0.236800000000084 0.0666747935807275
0.236700000000084 0.0666359061054414
0.236600000000084 0.0665970225453822
0.236500000000084 0.066558142903569
0.236400000000084 0.0665192671830056
0.236300000000084 0.0664803953867161
0.236200000000084 0.0664415275177158
0.236100000000084 0.0664026635790293
0.236000000000084 0.0663638035736788
0.235900000000084 0.0663249475046962
0.235800000000084 0.0662860953751103
0.235700000000084 0.0662472471879567
0.235600000000084 0.0662084029462734
0.235500000000084 0.0661695626531009
0.235400000000084 0.0661307263114754
0.235300000000084 0.0660918939244517
0.235200000000084 0.0660530654950816
0.235100000000084 0.0660142410264056
0.235000000000084 0.0659754205214911
0.234900000000084 0.0659366039833887
0.234800000000084 0.0658977914151677
0.234700000000084 0.0658589828198867
0.234600000000084 0.0658201782006187
0.234500000000084 0.0657813775604213
0.234400000000084 0.0657425809023812
0.234300000000084 0.0657037882295712
0.234200000000084 0.065664999545071
0.234100000000084 0.0656262148519643
0.234000000000084 0.0655874341533411
0.233900000000084 0.0655486574522792
0.233800000000084 0.0655098847518793
0.233700000000084 0.0654711160552354
0.233600000000084 0.0654323513654439
0.233500000000084 0.065393590685608
0.233400000000084 0.0653548340188332
0.233300000000084 0.0653160813682217
0.233200000000084 0.0652773327368914
0.233100000000084 0.0652385881279503
0.233000000000084 0.0651998475445184
0.232900000000084 0.0651611109897153
0.232800000000084 0.0651223784666604
0.232700000000085 0.0650836499784825
0.232600000000085 0.0650449255283139
0.232500000000085 0.0650062051192814
0.232400000000085 0.0649674887545274
0.232300000000085 0.0649287764371846
0.232200000000085 0.0648900681703939
0.232100000000085 0.0648513639573064
0.232000000000085 0.0648126638010656
0.231900000000085 0.064773967704823
0.231800000000085 0.0647352756717351
0.231700000000085 0.0646965877049584
0.231600000000085 0.0646579038076519
0.231500000000085 0.0646192239829827
0.231400000000085 0.0645805482341147
0.231300000000085 0.0645418765642183
0.231200000000085 0.0645032089764672
0.231100000000085 0.0644645454740437
0.231000000000085 0.0644258860601181
0.230900000000085 0.0643872307378774
0.230800000000085 0.0643485795105078
0.230700000000085 0.0643099323811972
0.230600000000085 0.0642712893531443
0.230500000000085 0.0642326504295359
0.230400000000085 0.0641940156135772
0.230300000000085 0.0641553849084655
0.230200000000085 0.0641167583174075
0.230100000000085 0.0640781358436135
0.230000000000085 0.0640395174902938
0.229900000000085 0.0640009032606646
0.229800000000085 0.0639622931579427
0.229700000000085 0.0639236871853492
0.229600000000085 0.0638850853461146
0.229500000000085 0.0638464876434536
0.229400000000085 0.0638078940806065
0.229300000000085 0.0637693046608076
0.229200000000085 0.0637307193872946
0.229100000000085 0.0636921382633053
0.229000000000085 0.0636535612920862
0.228900000000085 0.0636149884768792
0.228800000000085 0.0635764198209471
0.228700000000085 0.0635378553275306
0.228600000000085 0.0634992949998902
0.228500000000085 0.0634607388412961
0.228400000000085 0.0634221868549956
0.228300000000085 0.0633836390442714
0.228200000000085 0.063345095412383
0.228100000000085 0.0633065559626094
0.228000000000085 0.0632680206982242
0.227900000000085 0.0632294896225103
0.227800000000085 0.0631909627387482
0.227700000000085 0.0631524400502286
0.227600000000085 0.0631139215602389
0.227500000000085 0.0630754072720687
0.227400000000085 0.063036897189024
0.227300000000085 0.0629983913144006
0.227200000000085 0.0629598896514994
0.227100000000085 0.0629213922036255
0.227000000000085 0.0628828989740968
0.226900000000085 0.0628444099662189
0.226800000000085 0.0628059251833151
0.226700000000085 0.0627674446286977
0.226600000000085 0.0627289683056971
0.226500000000085 0.0626904962176361
0.226400000000085 0.062652028367849
0.226300000000085 0.0626135647596661
0.226200000000085 0.0625751053964203
0.226100000000085 0.0625366502814609
0.226000000000085 0.062498199418128
0.225900000000085 0.0624597528097655
0.225800000000085 0.0624213104597254
0.225700000000085 0.062382872371363
0.225600000000085 0.0623444385480311
0.225500000000085 0.0623060089930952
0.225400000000085 0.0622675837099175
0.225300000000085 0.062229162701866
0.225200000000085 0.0621907459723162
0.225100000000085 0.0621523335246294
0.225000000000085 0.0621139253621922
0.224900000000085 0.0620755214883855
0.224800000000085 0.0620371219065921
0.224700000000085 0.0619987266201979
0.224600000000085 0.061960335632601
0.224500000000085 0.0619219489471942
0.224400000000085 0.0618835665673717
0.224300000000085 0.0618451884965329
0.224200000000085 0.0618068147380876
0.224100000000085 0.0617684452954489
0.224000000000085 0.0617300801720205
0.223900000000085 0.0616917193712206
0.223800000000085 0.0616533628964697
0.223700000000085 0.0616150107511885
0.223600000000086 0.0615766629388056
0.223500000000086 0.0615383194627471
0.223400000000086 0.0614999803264483
0.223300000000086 0.0614616455333401
0.223200000000086 0.0614233150868732
0.223100000000086 0.0613849889904833
0.223000000000086 0.0613466672476135
0.222900000000086 0.0613083498617248
0.222800000000086 0.0612700368362637
0.222700000000086 0.0612317281746891
0.222600000000086 0.0611934238804643
0.222500000000086 0.0611551239570495
0.222400000000086 0.0611168284079163
0.222300000000086 0.0610785372365345
0.222200000000086 0.0610402504463815
0.222100000000086 0.0610019680409331
0.222000000000086 0.0609636900236706
0.221900000000086 0.0609254163980834
0.221800000000086 0.0608871471676576
0.221700000000086 0.0608488823358867
0.221600000000086 0.0608106219062693
0.221500000000086 0.0607723658823039
0.221400000000086 0.0607341142674934
0.221300000000086 0.0606958670653426
0.221200000000086 0.0606576242793697
0.221100000000086 0.0606193859130796
0.221000000000086 0.0605811519699982
0.220900000000086 0.0605429224536421
0.220800000000086 0.0605046973675382
0.220700000000086 0.0604664767152146
0.220600000000086 0.0604282605002051
0.220500000000086 0.0603900487260392
0.220400000000086 0.0603518413962662
0.220300000000086 0.060313638514425
0.220200000000086 0.060275440084057
0.220100000000086 0.0602372461087176
0.220000000000086 0.0601990565919614
0.219900000000086 0.0601608715373462
0.219800000000086 0.0601226909484321
0.219700000000086 0.060084514828784
0.219600000000086 0.0600463431819689
0.219500000000086 0.0600081760115636
0.219400000000086 0.0599700133211389
0.219300000000086 0.0599318551142782
0.219200000000086 0.0598937013945603
0.219100000000086 0.0598555521655755
0.219000000000086 0.0598174074309172
0.218900000000086 0.0597792671941726
0.218800000000086 0.0597411314589425
0.218700000000086 0.0597030002288306
0.218600000000086 0.059664873507443
0.218500000000086 0.0596267512983852
0.218400000000086 0.0595886336052732
0.218300000000086 0.0595505204317184
0.218200000000086 0.0595124117813435
0.218100000000086 0.0594743076577788
0.218000000000086 0.0594362080646428
0.217900000000086 0.0593981130055715
0.217800000000086 0.0593600224841966
0.217700000000086 0.0593219365041601
0.217600000000086 0.0592838550691072
0.217500000000086 0.0592457781826757
0.217400000000086 0.0592077058485237
0.217300000000086 0.0591696380703
0.217200000000086 0.0591315748516659
0.217100000000086 0.0590935161962808
0.217000000000086 0.0590554621078125
0.216900000000086 0.0590174125899224
0.216800000000086 0.0589793676462944
0.216700000000086 0.0589413272805926
0.216600000000086 0.0589032914965077
0.216500000000086 0.058865260297717
0.216400000000086 0.0588272336879135
0.216300000000086 0.0587892116707844
0.216200000000086 0.0587511942500271
0.216100000000086 0.0587131814293451
0.216000000000086 0.0586751732124329
0.215900000000086 0.0586371696030013
0.215800000000086 0.0585991706047634
0.215700000000086 0.0585611762214307
0.215600000000086 0.0585231864567261
0.215500000000086 0.058485201314367
0.215400000000086 0.0584472207980752
0.215300000000086 0.0584092449115955
0.215200000000086 0.0583712736586475
0.215100000000086 0.0583333070429761
0.215000000000086 0.0582953450683202
0.214900000000086 0.0582573877384246
0.214800000000086 0.0582194350570421
0.214700000000086 0.0581814870279211
0.214600000000086 0.0581435436548223
0.214500000000087 0.0581056049415093
0.214400000000087 0.0580676708917358
0.214300000000087 0.0580297415092827
0.214200000000087 0.0579918167979149
0.214100000000087 0.0579538967614177
0.214000000000087 0.0579159814035617
0.213900000000087 0.0578780707281324
0.213800000000087 0.0578401647389235
0.213700000000087 0.0578022634397264
0.213600000000087 0.0577643668343297
0.213500000000087 0.0577264749265469
0.213400000000087 0.0576885877201673
0.213300000000087 0.0576507052190115
0.213200000000087 0.0576128274268809
0.213100000000087 0.057574954347604
0.213000000000087 0.0575370859849885
0.212900000000087 0.0574992223428665
0.212800000000087 0.0574613634250524
0.212700000000087 0.0574235092353927
0.212600000000087 0.0573856597777186
0.212500000000087 0.0573478150558678
0.212400000000087 0.0573099750736884
0.212300000000087 0.0572721398350232
0.212200000000087 0.05723430934373
0.212100000000087 0.0571964836036544
0.212000000000087 0.0571586626186647
0.211900000000087 0.0571208463926238
0.211800000000087 0.0570830349293946
0.211700000000087 0.0570452282328585
0.211600000000087 0.0570074263068815
0.211500000000087 0.0569696291553461
0.211400000000087 0.0569318367821348
0.211300000000087 0.0568940491911434
0.211200000000087 0.0568562663862565
0.211100000000087 0.0568184883713719
0.211000000000087 0.0567807151503894
0.210900000000087 0.056742946727212
0.210800000000087 0.0567051831057538
0.210700000000087 0.0566674242899211
0.210600000000087 0.0566296702836292
0.210500000000087 0.0565919210908084
0.210400000000087 0.0565541767153704
0.210300000000087 0.0565164371612537
0.210200000000087 0.0564787024323868
0.210100000000087 0.0564409725327062
0.210000000000087 0.0564032474661573
0.209900000000087 0.0563655272366779
0.209800000000087 0.0563278118482245
0.209700000000087 0.0562901013047455
0.209600000000087 0.0562523956102053
0.209500000000087 0.0562146947685522
0.209400000000087 0.0561769987837676
0.209300000000087 0.0561393076598097
0.209200000000087 0.0561016214006613
0.209100000000087 0.0560639400102948
0.209000000000087 0.0560262634926929
0.208900000000087 0.0559885918518457
0.208800000000087 0.055950925091743
0.208700000000087 0.0559132632163764
0.208600000000087 0.0558756062297491
0.208500000000087 0.0558379541358638
0.208400000000087 0.0558003069387283
0.208300000000087 0.055762664642349
0.208200000000087 0.0557250272507472
0.208100000000087 0.0556873947679431
0.208000000000087 0.0556497671979567
0.207900000000087 0.0556121445448252
0.207800000000087 0.0555745268125696
0.207700000000087 0.0555369140052405
0.207600000000087 0.0554993061268665
0.207500000000087 0.0554617031815025
0.207400000000087 0.0554241051731879
0.207300000000087 0.055386512105987
0.207200000000087 0.0553489239839566
0.207100000000087 0.055311340811157
0.207000000000087 0.0552737625916508
0.206900000000087 0.0552361893295192
0.206800000000087 0.0551986210288275
0.206700000000087 0.0551610576936587
0.206600000000087 0.0551234993281011
0.206500000000087 0.0550859459362359
0.206400000000087 0.0550483975221612
0.206300000000087 0.0550108540899703
0.206200000000087 0.0549733156437718
0.206100000000087 0.0549357821876583
0.206000000000087 0.05489825372575
0.205900000000087 0.0548607302621572
0.205800000000087 0.0548232118010012
0.205700000000087 0.0547856983464003
0.205600000000087 0.054748189902484
0.205500000000088 0.0547106864733859
0.205400000000088 0.0546731880632347
0.205300000000088 0.0546356946761743
0.205200000000088 0.0545982063163598
0.205100000000088 0.0545607229879244
0.205000000000088 0.0545232446950307
0.204900000000088 0.0544857714418359
0.204800000000088 0.0544483032324942
0.204700000000088 0.0544108400711855
0.204600000000088 0.0543733819620648
0.204500000000088 0.0543359289093221
0.204400000000088 0.0542984809171283
0.204300000000088 0.0542610379896687
0.204200000000088 0.0542236001311364
0.204100000000088 0.0541861673457213
0.204000000000088 0.0541487396376184
0.203900000000088 0.0541113170110371
0.203800000000088 0.0540738994701719
0.203700000000088 0.0540364870192426
0.203600000000088 0.0539990796624642
0.203500000000088 0.0539616774040537
0.203400000000088 0.053924280248235
0.203300000000088 0.0538868881992366
0.203200000000088 0.0538495012612944
0.203100000000088 0.0538121194386419
0.203000000000088 0.0537747427355244
0.202900000000088 0.0537373711561898
0.202800000000088 0.0537000047048862
0.202700000000088 0.0536626433858701
0.202600000000088 0.053625287203398
0.202500000000088 0.0535879361617395
0.202400000000088 0.0535505902651637
0.202300000000088 0.053513249517946
0.202200000000088 0.0534759139243526
0.202100000000088 0.0534385834886843
0.202000000000088 0.0534012582152129
0.201900000000088 0.053363938108238
0.201800000000088 0.0533266231720485
0.201700000000088 0.0532893134109601
0.201600000000088 0.0532520088292688
0.201500000000088 0.05321470943128
0.201400000000088 0.0531774152213131
0.201300000000088 0.053140126203696
0.201200000000088 0.0531028423827369
0.201100000000088 0.0530655637627756
0.201000000000088 0.0530282903481391
0.200900000000088 0.0529910221431719
0.200800000000088 0.0529537591522083
0.200700000000088 0.0529165013795998
0.200600000000088 0.0528792488296945
0.200500000000088 0.0528420015068549
0.200400000000088 0.0528047594154337
0.200300000000088 0.0527675225598005
0.200200000000088 0.0527302909443299
0.200100000000088 0.0526930645733903
0.200000000000088 0.0526558434513626
0.199900000000088 0.0526186275826303
0.199800000000088 0.0525814169715806
0.199700000000088 0.0525442116226138
0.199600000000088 0.0525070115401225
0.199500000000088 0.0524698167285106
0.199400000000088 0.0524326271921814
0.199300000000088 0.0523954429355588
0.199200000000088 0.052358263963045
0.199100000000088 0.0523210902790762
0.199000000000088 0.0522839218880691
0.198900000000088 0.052246758794456
0.198800000000088 0.0522096010026711
0.198700000000088 0.0521724485171637
0.198600000000088 0.0521353013423691
0.198500000000088 0.0520981594827444
0.198400000000088 0.0520610229427426
0.198300000000088 0.052023891726818
0.198200000000088 0.0519867658394404
0.198100000000088 0.0519496452850771
0.198000000000088 0.0519125300682097
0.197900000000088 0.0518754201933033
0.197800000000088 0.0518383156648473
0.197700000000088 0.0518012164873315
0.197600000000088 0.0517641226652487
0.197500000000088 0.0517270342030996
0.197400000000088 0.0516899511053798
0.197300000000088 0.0516528733766093
0.197200000000088 0.0516158010212789
0.197100000000088 0.0515787340439237
0.197000000000088 0.0515416724490618
0.196900000000088 0.0515046162412217
0.196800000000088 0.0514675654249264
0.196700000000088 0.0514305200047245
0.196600000000088 0.0513934799851483
0.196500000000088 0.0513564453707528
0.196400000000089 0.0513194161660815
0.196300000000089 0.0512823923756897
0.196200000000089 0.0512453740041437
0.196100000000089 0.0512083610560144
0.196000000000089 0.0511713535358577
0.195900000000089 0.0511343514482593
0.195800000000089 0.0510973547978038
0.195700000000089 0.051060363589063
0.195600000000089 0.0510233778266367
0.195500000000089 0.0509863975151204
0.195400000000089 0.0509494226591165
0.195300000000089 0.0509124532632252
0.195200000000089 0.0508754893320601
0.195100000000089 0.0508385308702315
0.195000000000089 0.0508015778823712
0.194900000000089 0.0507646303730866
0.194800000000089 0.0507276883470219
0.194700000000089 0.0506907518088102
0.194600000000089 0.050653820763088
0.194500000000089 0.0506168952144994
0.194400000000089 0.0505799751677026
0.194300000000089 0.0505430606273428
0.194200000000089 0.0505061515980857
0.194100000000089 0.0504692480845997
0.194000000000089 0.0504323500915447
0.193900000000089 0.0503954576236059
0.193800000000089 0.0503585706854582
0.193700000000089 0.0503216892817938
0.193600000000089 0.0502848134172924
0.193500000000089 0.050247943096658
0.193400000000089 0.0502110783245893
0.193300000000089 0.0501742191057869
0.193200000000089 0.050137365444968
0.193100000000089 0.0501005173468526
0.193000000000089 0.0500636748161451
0.192900000000089 0.0500268378575838
0.192800000000089 0.0499900064759
0.192700000000089 0.0499531806758302
0.192600000000089 0.0499163604621087
0.192500000000089 0.0498795458394908
0.192400000000089 0.0498427368127207
0.192300000000089 0.0498059333865579
0.192200000000089 0.049769135565768
0.192100000000089 0.0497323433551075
0.192000000000089 0.0496955567593618
0.191900000000089 0.0496587757833051
0.191800000000089 0.0496220004317132
0.191700000000089 0.0495852307093753
0.191600000000089 0.0495484666210966
0.191500000000089 0.0495117081716582
0.191400000000089 0.0494749553658738
0.191300000000089 0.0494382082085456
0.191200000000089 0.0494014667044965
0.191100000000089 0.0493647308585342
0.191000000000089 0.0493280006754872
0.190900000000089 0.049291276160191
0.190800000000089 0.0492545573174789
0.190700000000089 0.0492178441521778
0.190600000000089 0.0491811366691533
0.190500000000089 0.0491444348732325
0.190400000000089 0.0491077387692977
0.190300000000089 0.0490710483621885
0.190200000000089 0.0490343636567824
0.190100000000089 0.0489976846579417
0.190000000000089 0.0489610113705496
0.189900000000089 0.0489243437994954
0.189800000000089 0.0488876819496503
0.189700000000089 0.0488510258259194
0.189600000000089 0.0488143754331938
0.189500000000089 0.0487777307763838
0.189400000000089 0.0487410918603934
0.189300000000089 0.0487044586901365
0.189200000000089 0.0486678312705379
0.189100000000089 0.0486312096065125
0.189000000000089 0.0485945937029982
0.188900000000089 0.0485579835649362
0.188800000000089 0.0485213791972468
0.188700000000089 0.0484847806048934
0.188600000000089 0.0484481877928261
0.188500000000089 0.0484116007660032
0.188400000000089 0.0483750195293818
0.188300000000089 0.0483384440879267
0.188200000000089 0.0483018744466201
0.188100000000089 0.0482653106104384
0.188000000000089 0.0482287525843621
0.187900000000089 0.0481922003733841
0.187800000000089 0.0481556539824975
0.187700000000089 0.0481191134167039
0.187600000000089 0.0480825786810101
0.187500000000089 0.0480460497804286
0.187400000000089 0.0480095267199709
0.18730000000009 0.0479730095046615
0.18720000000009 0.0479364981395362
0.18710000000009 0.0478999926296168
0.18700000000009 0.0478634929799484
0.18690000000009 0.0478269991955791
0.18680000000009 0.0477905112815464
0.18670000000009 0.0477540292429201
0.18660000000009 0.047717553084749
0.18650000000009 0.04768108281211
0.18640000000009 0.0476446184300694
0.18630000000009 0.0476081599437001
0.18620000000009 0.0475717073580987
0.18610000000009 0.0475352606783444
0.18600000000009 0.0474988199095329
0.18590000000009 0.0474623850567671
0.18580000000009 0.0474259561251466
0.18570000000009 0.0473895331197892
0.18560000000009 0.0473531160458078
0.18550000000009 0.0473167049083198
0.18540000000009 0.0472802997124676
0.18530000000009 0.0472439004633674
0.18520000000009 0.047207507166173
0.18510000000009 0.0471711198260217
0.18500000000009 0.0471347384480677
0.18490000000009 0.0470983630374605
0.18480000000009 0.047061993599368
0.18470000000009 0.0470256301389566
0.18460000000009 0.0469892726613944
0.18450000000009 0.0469529211718705
0.18440000000009 0.0469165756755598
0.18430000000009 0.0468802361776572
0.18420000000009 0.0468439026833562
0.18410000000009 0.0468075751978641
0.18400000000009 0.0467712537263819
0.18390000000009 0.0467349382741251
0.18380000000009 0.0466986288463077
0.18370000000009 0.0466623254481606
0.18360000000009 0.0466260280849167
0.18350000000009 0.0465897367618077
0.18340000000009 0.0465534514840646
0.18330000000009 0.0465171722569534
0.18320000000009 0.0464808990857234
0.18310000000009 0.0464446319756199
0.18300000000009 0.0464083709319228
0.18290000000009 0.0463721159599026
0.18280000000009 0.0463358670648272
0.18270000000009 0.0462996242519865
0.18260000000009 0.0462633875266612
0.18250000000009 0.0462271568941457
0.18240000000009 0.0461909323597531
0.18230000000009 0.0461547139287775
0.18220000000009 0.0461185016065285
0.18210000000009 0.0460822953983342
0.18200000000009 0.0460460953095032
0.18190000000009 0.046009901345381
0.18180000000009 0.0459737135112896
0.18170000000009 0.0459375318125743
0.18160000000009 0.0459013562545852
0.18150000000009 0.0458651868426707
0.18140000000009 0.0458290235821941
0.18130000000009 0.0457928664785178
0.18120000000009 0.0457567155370048
0.18110000000009 0.0457205707630451
0.18100000000009 0.045684432162011
0.18090000000009 0.0456482997393007
0.18080000000009 0.045612173500295
0.18070000000009 0.0455760534504027
0.18060000000009 0.0455399395950298
0.18050000000009 0.045503831939592
0.18040000000009 0.0454677304894974
0.18030000000009 0.0454316352501815
0.18020000000009 0.0453955462270673
0.18010000000009 0.0453594634255882
0.18000000000009 0.0453233868511947
0.17990000000009 0.0452873165093308
0.17980000000009 0.0452512524054556
0.17970000000009 0.0452151945450254
0.17960000000009 0.0451791429335092
0.17950000000009 0.0451430975763722
0.17940000000009 0.0451070584790991
0.17930000000009 0.0450710256471774
0.17920000000009 0.0450349990860914
0.17910000000009 0.0449989788013408
0.17900000000009 0.0449629647984285
0.17890000000009 0.0449269570828628
0.17880000000009 0.0448909556601678
0.17870000000009 0.0448549605358508
0.17860000000009 0.0448189717154429
0.17850000000009 0.0447829892044873
0.17840000000009 0.0447470130085131
0.17830000000009 0.0447110431330673
0.178200000000091 0.0446750795837108
0.178100000000091 0.0446391223659892
0.178000000000091 0.0446031714854771
0.177900000000091 0.0445672269477428
0.177800000000091 0.0445312887583621
0.177700000000091 0.0444953569229146
0.177600000000091 0.044459431446996
0.177500000000091 0.0444235123361978
0.177400000000091 0.0443875995961227
0.177300000000091 0.0443516932323759
0.177200000000091 0.0443157932505819
0.177100000000091 0.0442798996563494
0.177000000000091 0.0442440124553096
0.176900000000091 0.0442081316530909
0.176800000000091 0.0441722572553435
0.176700000000091 0.0441363892677006
0.176600000000091 0.0441005276958248
0.176500000000091 0.0440646725453634
0.176400000000091 0.0440288238219917
0.176300000000091 0.043992981531372
0.176200000000091 0.04395714567919
0.176100000000091 0.0439213162711224
0.176000000000091 0.0438854933128631
0.175900000000091 0.0438496768101044
0.175800000000091 0.0438138667685511
0.175700000000091 0.0437780631939117
0.175600000000091 0.0437422660918964
0.175500000000091 0.0437064754682357
0.175400000000091 0.0436706913286559
0.175300000000091 0.043634913678894
0.175200000000091 0.0435991425246771
0.175100000000091 0.0435633778717641
0.175000000000091 0.0435276197259095
0.174900000000091 0.0434918680928667
0.174800000000091 0.0434561229784096
0.174700000000091 0.0434203843883111
0.174600000000091 0.0433846523283382
0.174500000000091 0.043348926804287
0.174400000000091 0.0433132078219551
0.174300000000091 0.0432774953871374
0.174200000000091 0.0432417895056277
0.174100000000091 0.0432060901832548
0.174000000000091 0.0431703974258303
0.173900000000091 0.0431347112391813
0.173800000000091 0.0430990316291282
0.173700000000091 0.0430633586015282
0.173600000000091 0.0430276921622105
0.173500000000091 0.0429920323170339
0.173400000000091 0.0429563790718478
0.173300000000091 0.0429207324325286
0.173200000000091 0.0428850924049412
0.173100000000091 0.0428494589949663
0.173000000000091 0.0428138322084804
0.172900000000091 0.0427782120513854
0.172800000000091 0.0427425985295598
0.172700000000091 0.0427069916489249
0.172600000000091 0.0426713914153933
0.172500000000091 0.0426357978348698
0.172400000000091 0.0426002109132866
0.172300000000091 0.0425646306565692
0.172200000000091 0.0425290570706529
0.172100000000091 0.0424934901614909
0.172000000000091 0.0424579299350336
0.171900000000091 0.0424223763972256
0.171800000000091 0.0423868295540422
0.171700000000091 0.042351289411446
0.171600000000091 0.0423157559754293
0.171500000000091 0.0422802292519578
0.171400000000091 0.0422447092470296
0.171300000000091 0.0422091959666512
0.171200000000091 0.0421736894168061
0.171100000000091 0.0421381896035315
0.171000000000091 0.042102696532828
0.170900000000091 0.042067210210726
0.170800000000091 0.0420317306432548
0.170700000000091 0.041996257836454
0.170600000000091 0.0419607917963682
0.170500000000091 0.0419253325290491
0.170400000000091 0.0418898800405648
0.170300000000091 0.0418544343369582
0.170200000000091 0.0418189954243261
0.170100000000091 0.0417835633087385
0.170000000000091 0.0417481379962755
0.169900000000091 0.0417127194930355
0.169800000000091 0.0416773078051207
0.169700000000091 0.0416419029386383
0.169600000000091 0.0416065048996906
0.169500000000091 0.0415711136944157
0.169400000000091 0.0415357293289296
0.169300000000091 0.0415003518093724
0.169200000000091 0.0414649811418792
0.169100000000092 0.0414296173326049
0.169000000000092 0.0413942603877026
0.168900000000092 0.0413589103133377
0.168800000000092 0.0413235671156635
0.168700000000092 0.0412882308008746
0.168600000000092 0.0412529013751539
0.168500000000092 0.0412175788446842
0.168400000000092 0.0411822632156657
0.168300000000092 0.0411469544942961
0.168200000000092 0.0411116526868042
0.168100000000092 0.0410763577993845
0.168000000000092 0.0410410698382791
0.167900000000092 0.0410057888097177
0.167800000000092 0.0409705147199378
0.167700000000092 0.0409352475751848
0.167600000000092 0.0408999873817144
0.167500000000092 0.0408647341457884
0.167400000000092 0.0408294878736713
0.167300000000092 0.0407942485716437
0.167200000000092 0.0407590162459904
0.167100000000092 0.0407237909029839
0.167000000000092 0.0406885725489369
0.166900000000092 0.0406533611901418
0.166800000000092 0.040618156832917
0.166700000000092 0.0405829594835842
0.166600000000092 0.0405477691484608
0.166500000000092 0.0405125858338781
0.166400000000092 0.0404774095461778
0.166300000000092 0.0404422402917123
0.166200000000092 0.0404070780768264
0.166100000000092 0.040371922907887
0.166000000000092 0.0403367747912642
0.165900000000092 0.0403016337333208
0.165800000000092 0.0402664997404566
0.165700000000092 0.04023137281905
0.165600000000092 0.0401962529755081
0.165500000000092 0.0401611402162298
0.165400000000092 0.0401260345476239
0.165300000000092 0.0400909359761127
0.165200000000092 0.0400558445081257
0.165100000000092 0.0400207601500959
0.165000000000092 0.0399856829084628
0.164900000000092 0.0399506127896726
0.164800000000092 0.0399155498001852
0.164700000000092 0.0398804939464637
0.164600000000092 0.0398454452349831
0.164500000000092 0.0398104036722085
0.164400000000092 0.0397753692646338
0.164300000000092 0.0397403420187551
0.164200000000092 0.0397053219410663
0.164100000000092 0.0396703090380799
0.164000000000092 0.0396353033163114
0.163900000000092 0.0396003047822797
0.163800000000092 0.0395653134425151
0.163700000000092 0.0395303293035529
0.163600000000092 0.0394953523719454
0.163500000000092 0.0394603826542343
0.163400000000092 0.0394254201569973
0.163300000000092 0.0393904648867775
0.163200000000092 0.0393555168501713
0.163100000000092 0.0393205760537479
0.163000000000092 0.0392856425041121
0.162900000000092 0.0392507162078414
0.162800000000092 0.0392157971715589
0.162700000000092 0.0391808854018659
0.162600000000092 0.039145980905386
0.162500000000092 0.0391110836887502
0.162400000000092 0.0390761937585858
0.162300000000092 0.0390413111215403
0.162200000000092 0.0390064357842721
0.162100000000092 0.0389715677534225
0.162000000000092 0.038936707035678
0.161900000000092 0.0389018536377029
0.161800000000092 0.0388670075661705
0.161700000000092 0.0388321688277785
0.161600000000092 0.038797337429218
0.161500000000092 0.0387625133771988
0.161400000000092 0.0387276966784185
0.161300000000092 0.0386928873396157
0.161200000000092 0.038658085367511
0.161100000000092 0.0386232907688378
0.161000000000092 0.0385885035503467
0.160900000000092 0.0385537237187684
0.160800000000092 0.0385189512808827
0.160700000000092 0.0384841862434481
0.160600000000092 0.0384494286132299
0.160500000000092 0.0384146783970228
0.160400000000092 0.0383799356015999
0.160300000000092 0.0383452002337735
0.160200000000092 0.0383104723003454
0.160100000000093 0.0382757518081258
0.160000000000093 0.0382410387639354
0.159900000000093 0.038206333174604
0.159800000000093 0.0381716350469663
0.159700000000093 0.0381369443878671
0.159600000000093 0.0381022612041578
0.159500000000093 0.038067585502705
0.159400000000093 0.0380329172903588
0.159300000000093 0.0379982565740229
0.159200000000093 0.0379636033605557
0.159100000000093 0.0379289576568612
0.159000000000093 0.037894319469833
0.158900000000093 0.0378596888063852
0.158800000000093 0.0378250656734243
0.158700000000093 0.0377904500778807
0.158600000000093 0.037755842026688
0.158500000000093 0.0377212415267792
0.158400000000093 0.037686648585108
0.158300000000093 0.0376520632086295
0.158200000000093 0.0376174854042951
0.158100000000093 0.0375829151790849
0.158000000000093 0.0375483525399837
0.157900000000093 0.0375137974939783
0.157800000000093 0.037479250048056
0.157700000000093 0.0374447102092251
0.157600000000093 0.0374101779844955
0.157500000000093 0.0373756533808897
0.157400000000093 0.0373411364054355
0.157300000000093 0.0373066270651697
0.157200000000093 0.037272125367132
0.157100000000093 0.0372376313183969
0.157000000000093 0.0372031449259905
0.156900000000093 0.0371686661969893
0.156800000000093 0.0371341951384945
0.156700000000093 0.0370997317575721
0.156600000000093 0.0370652760613105
0.156500000000093 0.0370308280568249
0.156400000000093 0.0369963877512318
0.156300000000093 0.0369619551516197
0.156200000000093 0.0369275302651441
0.156100000000093 0.0368931130989231
0.156000000000093 0.0368587036601069
0.155900000000093 0.0368243019558434
0.155800000000093 0.0367899079932898
0.155700000000093 0.0367555217796252
0.155600000000093 0.0367211433220072
0.155500000000093 0.0366867726276369
0.155400000000093 0.0366524097036948
0.155300000000093 0.0366180545573939
0.155200000000093 0.0365837071959319
0.155100000000093 0.0365493676265333
0.155000000000093 0.0365150358564284
0.154900000000093 0.036480711892833
0.154800000000093 0.0364463957430111
0.154700000000093 0.0364120874142063
0.154600000000093 0.0363777869136699
0.154500000000093 0.0363434942486875
0.154400000000093 0.0363092094265234
0.154300000000093 0.03627493245446
0.154200000000093 0.0362406633398044
0.154100000000093 0.0362064020898375
0.154000000000093 0.0361721487118968
0.153900000000093 0.0361379032132693
0.153800000000093 0.0361036656013164
0.153700000000093 0.0360694358833484
0.153600000000093 0.0360352140667225
0.153500000000093 0.0360010001587852
0.153400000000093 0.0359667941669074
0.153300000000093 0.0359325960984479
0.153200000000093 0.0358984059607986
0.153100000000093 0.0358642237613365
0.153000000000093 0.0358300495074566
0.152900000000093 0.0357958832065709
0.152800000000093 0.0357617248660893
0.152700000000093 0.0357275744934248
0.152600000000093 0.0356934320960325
0.152500000000093 0.035659297681317
0.152400000000093 0.0356251712567587
0.152300000000093 0.0355910528297925
0.152200000000093 0.0355569424078961
0.152100000000093 0.0355228399985363
0.152000000000093 0.035488745609202
0.151900000000093 0.0354546592473815
0.151800000000093 0.0354205809205716
0.151700000000093 0.0353865106362863
0.151600000000093 0.0353524484020395
0.151500000000093 0.0353183942253569
0.151400000000093 0.0352843481137789
0.151300000000093 0.0352503100748543
0.151200000000093 0.0352162801161146
0.151100000000093 0.0351822582451442
0.151000000000094 0.0351482444695007
0.150900000000094 0.0351142387967687
0.150800000000094 0.0350802412345376
0.150700000000094 0.0350462517904019
0.150600000000094 0.0350122704719609
0.150500000000094 0.0349782972868514
0.150400000000094 0.0349443322426747
0.150300000000094 0.0349103753470731
0.150200000000094 0.0348764266076764
0.150100000000094 0.0348424860321541
0.150000000000094 0.0348085536281485
0.149900000000094 0.0347746294033536
0.149800000000094 0.0347407133654166
0.149700000000094 0.0347068055220462
0.149600000000094 0.0346729058809226
0.149500000000094 0.0346390144497567
0.149400000000094 0.03460513123627
0.149300000000094 0.0345712562481745
0.149200000000094 0.0345373894932045
0.149100000000094 0.0345035309790977
0.149000000000094 0.0344696807136269
0.148900000000094 0.034435838704499
0.148800000000094 0.0344020049595326
0.148700000000094 0.0343681794864785
0.148600000000094 0.0343343622931377
0.148500000000094 0.0343005533873064
0.148400000000094 0.0342667527767776
0.148300000000094 0.0342329604693598
0.148200000000094 0.0341991764729001
0.148100000000094 0.0341654007952054
0.148000000000094 0.0341316334441302
0.147900000000094 0.0340978744275269
0.147800000000094 0.03406412375325
0.147700000000094 0.0340303814291665
0.147600000000094 0.0339966474631603
0.147500000000094 0.0339629218631171
0.147400000000094 0.0339292046369236
0.147300000000094 0.0338954957925029
0.147200000000094 0.0338617953377662
0.147100000000094 0.0338281032806303
0.147000000000094 0.0337944196290278
0.146900000000094 0.0337607443909253
0.146800000000094 0.0337270775742378
0.146700000000094 0.0336934191869583
0.146600000000094 0.0336597692370454
0.146500000000094 0.033626127732477
0.146400000000094 0.0335924946812602
0.146300000000094 0.033558870091374
0.146200000000094 0.0335252539708355
0.146100000000094 0.0334916463276662
0.146000000000094 0.0334580471699
0.145900000000094 0.0334244565055559
0.145800000000094 0.0333908743427001
0.145700000000094 0.0333573006893685
0.145600000000094 0.0333237355536495
0.145500000000094 0.0332901789436037
0.145400000000094 0.0332566308673221
0.145300000000094 0.033223091332902
0.145200000000094 0.0331895603484275
0.145100000000094 0.0331560379220452
0.145000000000094 0.0331225240618478
0.144900000000094 0.0330890187759901
0.144800000000094 0.0330555220725995
0.144700000000094 0.0330220339598318
0.144600000000094 0.0329885544458636
0.144500000000094 0.0329550835388448
0.144400000000094 0.0329216212469716
0.144300000000094 0.0328881675784211
0.144200000000094 0.0328547225414011
0.144100000000094 0.0328212861441282
0.144000000000094 0.0327878583948128
0.143900000000094 0.0327544393016806
0.143800000000094 0.0327210288729818
0.143700000000094 0.0326876271169639
0.143600000000094 0.0326542340418808
0.143500000000094 0.0326208496560021
0.143400000000094 0.0325874739676075
0.143300000000094 0.0325541069849857
0.143200000000094 0.0325207487164371
0.143100000000094 0.0324873991702607
0.143000000000094 0.0324540583547812
0.142900000000094 0.0324207262783216
0.142800000000094 0.0323874029492265
0.142700000000094 0.0323540883758338
0.142600000000094 0.032320782566514
0.142500000000094 0.0322874855296169
0.142400000000094 0.0322541972735352
0.142300000000094 0.0322209178066491
0.142200000000094 0.0321876471373512
0.142100000000094 0.0321543852740539
0.142000000000094 0.0321211322251704
0.141900000000095 0.0320878879991343
0.141800000000095 0.0320546526043777
0.141700000000095 0.0320214260493465
0.141600000000095 0.0319882083424952
0.141500000000095 0.0319549994922999
0.141400000000095 0.0319217995072247
0.141300000000095 0.0318886083957659
0.141200000000095 0.0318554261664188
0.141100000000095 0.0318222528276983
0.141000000000095 0.0317890883881095
0.140900000000095 0.0317559328561839
0.140800000000095 0.0317227862404554
0.140700000000095 0.031689648549486
0.140600000000095 0.0316565197918091
0.140500000000095 0.0316233999760227
0.140400000000095 0.0315902891106782
0.140300000000095 0.0315571872043858
0.140200000000095 0.0315240942657297
0.140100000000095 0.0314910103033177
0.140000000000095 0.0314579353257773
0.139900000000095 0.0314248693417431
0.139800000000095 0.0313918123598363
0.139700000000095 0.0313587643887249
0.139600000000095 0.0313257254370638
0.139500000000095 0.0312926955135179
0.139400000000095 0.0312596746267848
0.139300000000095 0.0312266627855318
0.139200000000095 0.0311936599984882
0.139100000000095 0.0311606662743233
0.139000000000095 0.0311276816218031
0.138900000000095 0.031094706049655
0.138800000000095 0.0310617395666012
0.138700000000095 0.0310287821813992
0.138600000000095 0.0309958339028442
0.138500000000095 0.0309628947396653
0.138400000000095 0.0309299647006782
0.138300000000095 0.0308970437946756
0.138200000000095 0.0308641320304546
0.138100000000095 0.0308312294168183
0.138000000000095 0.0307983359626328
0.137900000000095 0.0307654516767096
0.137800000000095 0.0307325765678976
0.137700000000095 0.0306997106450725
0.137600000000095 0.0306668539170782
0.137500000000095 0.0306340063928179
0.137400000000095 0.0306011680811496
0.137300000000095 0.0305683389910297
0.137200000000095 0.0305355191313246
0.137100000000095 0.0305027085109718
0.137000000000095 0.0304699071388918
0.136900000000095 0.0304371150240603
0.136800000000095 0.03040433217541
0.136700000000095 0.0303715586019022
0.136600000000095 0.0303387943125138
0.136500000000095 0.0303060393162468
0.136400000000095 0.0302732936220954
0.136300000000095 0.0302405572390564
0.136200000000095 0.0302078301761636
0.136100000000095 0.0301751124424223
0.136000000000095 0.0301424040469001
0.135900000000095 0.0301097049986425
0.135800000000095 0.0300770153067061
0.135700000000095 0.0300443349801786
0.135600000000095 0.0300116640281255
0.135500000000095 0.0299790024596387
0.135400000000095 0.0299463502838479
0.135300000000095 0.0299137075098636
0.135200000000095 0.0298810741467956
0.135100000000095 0.0298484502038065
0.135000000000095 0.0298158356900201
0.134900000000095 0.0297832306146298
0.134800000000095 0.0297506349867841
0.134700000000095 0.0297180488156702
0.134600000000095 0.0296854721104813
0.134500000000095 0.0296529048804427
0.134400000000095 0.0296203471347522
0.134300000000095 0.0295877988826239
0.134200000000095 0.0295552601333273
0.134100000000095 0.0295227308960863
0.134000000000095 0.0294902111801842
0.133900000000095 0.0294577009948583
0.133800000000095 0.0294252003494236
0.133700000000095 0.0293927092531626
0.133600000000095 0.0293602277153936
0.133500000000095 0.0293277557454041
0.133400000000095 0.0292952933525547
0.133300000000095 0.029262840546163
0.133200000000095 0.0292303973355775
0.133100000000095 0.0291979637301772
0.133000000000095 0.0291655397393106
0.132900000000095 0.0291331253723866
0.132800000000096 0.0291007206387893
0.132700000000096 0.0290683255479393
0.132600000000096 0.029035940109217
0.132500000000096 0.0290035643320755
0.132400000000096 0.0289711982259729
0.132300000000096 0.0289388418003344
0.132200000000096 0.0289064950646282
0.132100000000096 0.0288741580283469
0.132000000000096 0.0288418307009513
0.131900000000096 0.0288095130919537
0.131800000000096 0.0287772052108627
0.131700000000096 0.0287449070672012
0.131600000000096 0.0287126186704944
0.131500000000096 0.0286803400302887
0.131400000000096 0.0286480711561468
0.131300000000096 0.0286158120576153
0.131200000000096 0.0285835627442895
0.131100000000096 0.0285513232257713
0.131000000000096 0.0285190935116226
0.130900000000096 0.0284868736115021
0.130800000000096 0.0284546635349967
0.130700000000096 0.0284224632917616
0.130600000000096 0.0283902728914437
0.130500000000096 0.0283580923437115
0.130400000000096 0.0283259216582116
0.130300000000096 0.0282937608446385
0.130200000000096 0.0282616099126979
0.130100000000096 0.0282294688720893
0.130000000000096 0.0281973377325244
0.129900000000096 0.028165216503741
0.129800000000096 0.0281331051954672
0.129700000000096 0.0281010038174862
0.129600000000096 0.0280689123795321
0.129500000000096 0.028036830891389
0.129400000000096 0.028004759362866
0.129300000000096 0.0279726978037395
0.129200000000096 0.0279406462238381
0.129100000000096 0.0279086046329746
0.129000000000096 0.0278765730409926
0.128900000000096 0.0278445514577408
0.128800000000096 0.0278125398930778
0.128700000000096 0.0277805383568749
0.128600000000096 0.027748546859016
0.128500000000096 0.027716565409394
0.128400000000096 0.0276845940179468
0.128300000000096 0.0276526326945456
0.128200000000096 0.0276206814491522
0.128100000000096 0.0275887402917101
0.128000000000096 0.0275568092321665
0.127900000000096 0.0275248882805111
0.127800000000096 0.0274929774466893
0.127700000000096 0.0274610767407175
0.127600000000096 0.0274291861726139
0.127500000000096 0.0273973057523514
0.127400000000096 0.0273654354900013
0.127300000000096 0.0273335753955911
0.127200000000096 0.027301725479176
0.127100000000096 0.0272698857508079
0.127000000000096 0.0272380562205847
0.126900000000096 0.0272062368985776
0.126800000000096 0.0271744277949001
0.126700000000096 0.0271426289196745
0.126600000000096 0.0271108402830163
0.126500000000096 0.0270790618950772
0.126400000000096 0.0270472937660009
0.126300000000096 0.0270155359059351
0.126200000000096 0.0269837883250904
0.126100000000096 0.0269520510336385
0.126000000000096 0.0269203240417713
0.125900000000096 0.026888607359697
0.125800000000096 0.0268569009976841
0.125700000000096 0.0268252049659197
0.125600000000096 0.0267935192746965
0.125500000000096 0.0267618439342522
0.125400000000096 0.0267301789548774
0.125300000000096 0.0266985243468484
0.125200000000096 0.0266668801204776
0.125100000000096 0.026635246286067
0.125000000000096 0.026603622853956
0.124900000000096 0.0265720098344739
0.124800000000096 0.0265404072379756
0.124700000000096 0.0265088150748261
0.124600000000096 0.0264772333554089
0.124500000000096 0.0264456620900952
0.124400000000096 0.0264141012892919
0.124300000000096 0.0263825509634316
0.124200000000096 0.0263510111229317
0.124100000000096 0.026319481778226
0.124000000000096 0.0262879629397697
0.123900000000096 0.0262564546180334
0.123800000000096 0.026224956823486
0.123700000000096 0.0261934695666267
0.123600000000096 0.0261619928579552
0.123500000000096 0.0261305267080027
0.123400000000096 0.0260990711272912
0.123300000000096 0.0260676261263584
0.123200000000096 0.0260361917157498
0.123100000000096 0.026004767906069
0.123000000000096 0.0259733547078469
0.122900000000096 0.025941952131726
0.122800000000096 0.0259105601882939
0.122700000000096 0.0258791788881388
0.122600000000096 0.0258478082419556
0.122500000000096 0.0258164482603492
0.122400000000096 0.0257850989540052
0.122300000000096 0.0257537603335668
0.122200000000096 0.0257224324097319
0.122100000000096 0.0256911151931985
0.122000000000096 0.0256598086946943
0.121900000000096 0.0256285129249151
0.121800000000096 0.0255972278946208
0.121700000000096 0.0255659536145471
0.121600000000096 0.025534690095469
0.121500000000096 0.0255034373481671
0.121400000000096 0.0254721953834103
0.121300000000096 0.0254409642120321
0.121200000000096 0.0254097438448224
0.121100000000096 0.0253785342926401
0.121000000000096 0.0253473355662957
0.120900000000096 0.0253161476766719
0.120800000000096 0.0252849706346283
0.120700000000096 0.0252538044510422
0.120600000000096 0.0252226491368351
0.120500000000096 0.0251915047028889
0.120400000000096 0.0251603711601396
0.120300000000096 0.0251292485195195
0.120200000000096 0.0250981367919842
0.120100000000096 0.0250670359884926
0.120000000000096 0.0250359461200338
0.119900000000096 0.0250048671975818
0.119800000000096 0.0249737992321419
0.119700000000096 0.0249427422347537
0.119600000000096 0.0249116962164164
0.119500000000096 0.0248806611882149
0.119400000000096 0.0248496371611721
0.119300000000096 0.0248186241463679
0.119200000000096 0.0247876221548913
0.119100000000096 0.0247566311978455
0.119000000000096 0.0247256512863464
0.118900000000096 0.0246946824315129
0.118800000000096 0.0246637246444881
0.118700000000096 0.0246327779364171
0.118600000000096 0.0246018423184806
0.118500000000096 0.0245709178018442
0.118400000000096 0.0245400043977228
0.118300000000096 0.0245091021173156
0.118200000000096 0.0244782109718517
0.118100000000096 0.0244473309725443
0.118000000000096 0.0244164621306751
0.117900000000096 0.0243856044575056
0.117800000000096 0.0243547579642656
0.117700000000096 0.0243239226623109
0.117600000000096 0.0242930985628945
0.117500000000096 0.0242622856773866
0.117400000000096 0.0242314840170838
0.117300000000096 0.0242006935933471
0.117200000000096 0.02416991441754
0.117100000000096 0.0241391465010209
0.117000000000096 0.0241083898552105
0.116900000000096 0.0240776444914925
0.116800000000096 0.0240469104212725
0.116700000000096 0.0240161876560073
0.116600000000096 0.0239854762071337
0.116500000000096 0.0239547760861134
0.116400000000096 0.0239240873044153
0.116300000000096 0.0238934098735185
0.116200000000096 0.0238627438049434
0.116100000000096 0.0238320891102185
0.116000000000096 0.023801445800827
0.115900000000096 0.0237708138883595
0.115800000000096 0.023740193384348
0.115700000000096 0.0237095843003769
0.115600000000096 0.0236789866480488
0.115500000000096 0.0236484004389431
0.115400000000096 0.0236178256846832
0.115300000000096 0.023587262396911
0.115200000000096 0.0235567105872366
0.115100000000096 0.0235261702673579
0.115000000000096 0.0234956414489441
0.114900000000096 0.023465124143661
0.114800000000096 0.0234346183632434
0.114700000000096 0.0234041241193837
0.114600000000096 0.0233736414238203
0.114500000000096 0.0233431702882976
0.114400000000096 0.0233127107245843
0.114300000000096 0.0232822627444434
0.114200000000096 0.0232518263596737
0.114100000000096 0.0232214015820764
0.114000000000096 0.023190988423473
0.113900000000096 0.0231605868957015
0.113800000000096 0.0231301970106111
0.113700000000096 0.0230998187800281
0.113600000000096 0.0230694522159018
0.113500000000096 0.0230390973300485
0.113400000000096 0.0230087541344327
0.113300000000096 0.022978422640942
0.113200000000096 0.0229481028615212
0.113100000000096 0.0229177948081324
0.113000000000096 0.0228874984927242
0.112900000000096 0.0228572139273009
0.112800000000096 0.0228269411238452
0.112700000000096 0.0227966800943564
0.112600000000096 0.0227664308508774
0.112500000000096 0.0227361934054508
0.112400000000096 0.0227059677701126
0.112300000000096 0.0226757539569598
0.112200000000096 0.0226455519780515
0.112100000000096 0.0226153618454945
0.112000000000096 0.0225851835714051
0.111900000000096 0.0225550171679391
0.111800000000096 0.0225248626471869
0.111700000000096 0.0224947200213736
0.111600000000096 0.0224645893026223
0.111500000000096 0.0224344705031644
0.111400000000096 0.0224043636351593
0.111300000000096 0.0223742687108678
0.111200000000096 0.0223441857424895
0.111100000000096 0.0223141147423252
0.111000000000096 0.0222840557226012
0.110900000000096 0.0222540086956108
0.110800000000096 0.0222239736736587
0.110700000000096 0.0221939506690423
0.110600000000096 0.0221639396941076
0.110500000000096 0.0221339407611692
0.110400000000096 0.0221039538826078
0.110300000000096 0.0220739790708016
0.110200000000096 0.0220440163381122
0.110100000000096 0.0220140656969715
0.110000000000096 0.021984127159778
0.109900000000096 0.0219542007389745
0.109800000000096 0.0219242864470253
0.109700000000096 0.021894384296365
0.109600000000096 0.0218644942995066
0.109500000000096 0.0218346164689433
0.109400000000096 0.0218047508171622
0.109300000000096 0.0217748973567205
0.109200000000096 0.0217450561001504
0.109100000000096 0.0217152270599882
0.109000000000096 0.021685410248842
0.108900000000096 0.0216556056792856
0.108800000000096 0.0216258133639331
0.108700000000096 0.0215960333153929
0.108600000000096 0.0215662655463267
0.108500000000096 0.0215365100693735
0.108400000000096 0.0215067668971802
0.108300000000096 0.0214770360424627
0.108200000000096 0.0214473175179098
0.108100000000096 0.021417611336256
0.108000000000096 0.0213879175101891
0.107900000000096 0.0213582360524987
0.107800000000096 0.0213285669759314
0.107700000000096 0.0212989102932871
0.107600000000096 0.0212692660173152
0.107500000000096 0.0212396341608673
0.107400000000096 0.0212100147367646
0.107300000000096 0.0211804077578292
0.107200000000096 0.0211508132369491
0.107100000000096 0.0211212311869858
0.107000000000096 0.0210916616208295
0.106900000000096 0.0210621045514
0.106800000000096 0.0210325599915927
0.106700000000096 0.0210030279543858
0.106600000000096 0.0209735084527012
0.106500000000096 0.0209440014995278
0.106400000000096 0.0209145071078577
0.106300000000096 0.0208850252906905
0.106200000000096 0.0208555560610338
0.106100000000096 0.0208260994319428
0.106000000000096 0.0207966554164604
0.105900000000096 0.0207672240276508
0.105800000000096 0.0207378052786135
0.105700000000096 0.0207083991824496
0.105600000000096 0.0206790057522632
0.105500000000096 0.0206496250011829
0.105400000000096 0.0206202569424236
0.105300000000096 0.0205909015890568
0.105200000000096 0.0205615589543332
0.105100000000096 0.0205322290514409
0.105000000000096 0.0205029118935849
0.104900000000096 0.0204736074939993
0.104800000000096 0.0204443158659173
0.104700000000096 0.0204150370226732
0.104600000000096 0.0203857709774596
0.104500000000096 0.0203565177436374
0.104400000000096 0.0203272773344859
0.104300000000096 0.0202980497633697
0.104200000000096 0.0202688350436214
0.104100000000096 0.020239633188622
0.104000000000096 0.020210444211731
0.103900000000096 0.0201812681263515
0.103800000000096 0.020152104945923
0.103700000000096 0.0201229546838558
0.103600000000096 0.0200938173536122
0.103500000000096 0.0200646929686531
0.103400000000096 0.0200355815424776
0.103300000000096 0.0200064830885385
0.103200000000096 0.0199773976203869
0.103100000000096 0.0199483251515744
0.103000000000096 0.0199192656956244
0.102900000000096 0.0198902192661108
0.102800000000096 0.0198611858766304
0.102700000000096 0.0198321655407633
0.102600000000096 0.0198031582721415
0.102500000000096 0.0197741640843944
0.102400000000096 0.0197451829912062
0.102300000000096 0.0197162150062088
0.102200000000096 0.0196872601430844
0.102100000000096 0.0196583184155708
0.102000000000096 0.0196293898373491
0.101900000000096 0.0196004744222108
0.101800000000096 0.0195715721838592
0.101700000000096 0.0195426831361145
0.101600000000096 0.0195138072927034
0.101500000000096 0.0194849446674955
0.101400000000096 0.0194560952743003
0.101300000000096 0.0194272591269341
0.101200000000096 0.0193984362392883
0.101100000000096 0.0193696266252298
0.101000000000096 0.0193408302986401
0.100900000000096 0.019312047273429
0.100800000000096 0.0192832775635351
0.100700000000096 0.0192545211829201
0.100600000000096 0.0192257781455306
0.100500000000096 0.0191970484653176
0.100400000000096 0.0191683321563311
0.100300000000096 0.0191396292325663
0.100200000000096 0.0191109397080601
0.100100000000096 0.0190822635968686
0.100000000000096 0.0190536009130458
0.0999000000000956 0.0190249516706747
0.0998000000000956 0.0189963158838795
0.0997000000000956 0.018967693566773
0.0996000000000956 0.0189390847335051
0.0995000000000956 0.0189104893982247
0.0994000000000956 0.0188819075750979
0.0993000000000956 0.018853339278312
0.0992000000000956 0.0188247845221035
0.0991000000000956 0.0187962433206817
0.0990000000000956 0.0187677156883039
0.0989000000000956 0.0187392016392188
0.0988000000000956 0.0187107011877292
0.0987000000000956 0.0186822143481172
0.0986000000000956 0.0186537411347102
0.0985000000000956 0.0186252815618428
0.0984000000000956 0.0185968356438584
0.0983000000000956 0.018568403395178
0.0982000000000956 0.0185399848300929
0.0981000000000956 0.018511579963083
0.0980000000000956 0.0184831888085724
0.0979000000000956 0.0184548113809839
0.0978000000000956 0.0184264476947965
0.0977000000000956 0.0183980977644747
0.0976000000000956 0.018369761604522
0.0975000000000956 0.0183414392294492
0.0974000000000956 0.0183131306538031
0.0973000000000956 0.0182848358921311
0.0972000000000956 0.0182565549590158
0.0971000000000956 0.0182282878690192
0.0970000000000956 0.0182000346367758
0.0969000000000956 0.0181717952769048
0.0968000000000956 0.0181435698040248
0.0967000000000956 0.0181153582328357
0.0966000000000956 0.0180871605779984
0.0965000000000956 0.0180589768542116
0.0964000000000955 0.0180308070761986
0.0963000000000955 0.0180026512587065
0.0962000000000955 0.0179745094164661
0.0961000000000955 0.0179463815642677
0.0960000000000955 0.0179182677168913
0.0959000000000955 0.0178901678891572
0.0958000000000955 0.0178620820959145
0.0957000000000955 0.0178340103519754
0.0956000000000955 0.017805952672209
0.0955000000000955 0.0177779090715243
0.0954000000000955 0.0177498795648117
0.0953000000000955 0.0177218641669884
0.0952000000000955 0.0176938628930029
0.0951000000000955 0.0176658757577983
0.0950000000000955 0.0176379027763884
0.0949000000000955 0.0176099439637365
0.0948000000000955 0.0175819993348841
0.0947000000000955 0.0175540689048529
0.0946000000000955 0.0175261526886726
0.0945000000000955 0.0174982507014531
0.0944000000000955 0.017470362958273
0.0943000000000955 0.0174424894742524
0.0942000000000955 0.0174146302645099
0.0941000000000955 0.0173867853442052
0.0940000000000955 0.0173589547284791
0.0939000000000955 0.0173311384325471
0.0938000000000955 0.0173033364715987
0.0937000000000955 0.0172755488608633
0.0936000000000955 0.0172477756155997
0.0935000000000955 0.017220016751044
0.0934000000000955 0.0171922722824882
0.0933000000000955 0.0171645422252248
0.0932000000000955 0.0171368265946225
0.0931000000000955 0.01710912540596
0.0930000000000955 0.0170814386746285
0.0929000000000954 0.0170537664159938
0.0928000000000954 0.0170261086454414
0.0927000000000954 0.0169984653784371
0.0926000000000954 0.0169708366303574
0.0925000000000954 0.0169432224166977
0.0924000000000954 0.0169156227529323
0.0923000000000954 0.0168880376545319
0.0922000000000954 0.0168604671370448
0.0921000000000954 0.0168329112159502
0.0920000000000954 0.0168053699068519
0.0919000000000954 0.0167778432252913
0.0918000000000954 0.0167503311868782
0.0917000000000954 0.0167228338072261
0.0916000000000954 0.0166953511019596
0.0915000000000954 0.0166678830867216
0.0914000000000954 0.0166404297771878
0.0913000000000954 0.016612991189042
0.0912000000000954 0.0165855673380182
0.0911000000000954 0.0165581582398411
0.0910000000000954 0.0165307639102031
0.0909000000000954 0.0165033843649554
0.0908000000000954 0.0164760196198385
0.0907000000000954 0.0164486696906734
0.0906000000000954 0.0164213345932955
0.0905000000000954 0.0163940143435449
0.0904000000000954 0.0163667089572815
0.0903000000000954 0.0163394184503948
0.0902000000000954 0.0163121428388085
0.0901000000000954 0.0162848821384212
0.0900000000000954 0.016257636365238
0.0899000000000954 0.016230405535172
0.0898000000000954 0.0162031896642166
0.0897000000000954 0.0161759887684024
0.0896000000000954 0.0161488028637551
0.0895000000000954 0.0161216319663017
0.0894000000000953 0.0160944760921443
0.0893000000000953 0.016067335257319
0.0892000000000953 0.0160402094779846
0.0891000000000953 0.0160130987702573
0.0890000000000953 0.0159860031502766
0.0889000000000953 0.015958922634215
0.0888000000000953 0.0159318572382442
0.0887000000000953 0.0159048069786293
0.0886000000000953 0.0158777718715197
0.0885000000000953 0.0158507519332441
0.0884000000000953 0.015823747180027
0.0883000000000953 0.0157967576281717
0.0882000000000953 0.0157697832939945
0.0881000000000953 0.0157428241938235
0.0880000000000953 0.0157158803440358
0.0879000000000953 0.0156889517609416
0.0878000000000953 0.0156620384609847
0.0877000000000953 0.0156351404605889
0.0876000000000953 0.0156082577761456
0.0875000000000953 0.0155813904241531
0.0874000000000953 0.0155545384210479
0.0873000000000953 0.0155277017833596
0.0872000000000953 0.015500880527581
0.0871000000000953 0.0154740746702997
0.0870000000000953 0.0154472842280036
0.0869000000000953 0.0154205092173023
0.0868000000000953 0.0153937496548166
0.0867000000000953 0.0153670055571438
0.0866000000000953 0.0153402769409341
0.0865000000000953 0.0153135638228424
0.0864000000000953 0.0152868662195503
0.0863000000000953 0.0152601841477797
0.0862000000000953 0.0152335176242693
0.0861000000000953 0.0152068666657197
0.0860000000000953 0.0151802312889232
0.0859000000000952 0.0151536115106728
0.0858000000000952 0.0151270073477687
0.0857000000000952 0.0151004188170397
0.0856000000000952 0.0150738459353538
0.0855000000000952 0.015047288719549
0.0854000000000952 0.015020747186559
0.0853000000000952 0.014994221353292
0.0852000000000952 0.0149677112366482
0.0851000000000952 0.014941216853642
0.0850000000000952 0.0149147382212087
0.0849000000000952 0.0148882753563523
0.0848000000000952 0.0148618282761087
0.0847000000000952 0.0148353969974964
0.0846000000000952 0.0148089815376078
0.0845000000000952 0.0147825819135165
0.0844000000000952 0.0147561981423134
0.0843000000000952 0.0147298302411575
0.0842000000000952 0.014703478227183
0.0841000000000952 0.0146771421175285
0.0840000000000952 0.0146508219294497
0.0839000000000952 0.0146245176801067
0.0838000000000952 0.014598229386733
0.0837000000000952 0.0145719570666335
0.0836000000000952 0.0145457007370678
0.0835000000000952 0.0145194604152947
0.0834000000000952 0.0144932361186816
0.0833000000000952 0.0144670278645389
0.0832000000000952 0.0144408356702694
0.0831000000000952 0.0144146595532201
0.0830000000000952 0.0143884995308308
0.0829000000000952 0.014362355620504
0.0828000000000952 0.0143362278397071
0.0827000000000952 0.0143101162058876
0.0826000000000952 0.0142840207366035
0.0825000000000952 0.0142579414492899
0.0824000000000951 0.0142318783615389
0.0823000000000951 0.0142058314908834
0.0822000000000951 0.0141798008549314
0.0821000000000951 0.0141537864712772
0.0820000000000951 0.0141277883575437
0.0819000000000951 0.0141018065314003
0.0818000000000951 0.0140758410104725
0.0817000000000951 0.014049891812459
0.0816000000000951 0.0140239589551278
0.0815000000000951 0.0139980424561481
0.0814000000000951 0.013972142333326
0.0813000000000951 0.0139462586044139
0.0812000000000951 0.0139203912872321
0.0811000000000951 0.0138945403996027
0.0810000000000951 0.0138687059593817
0.0809000000000951 0.0138428879843947
0.0808000000000951 0.0138170864925648
0.0807000000000951 0.0137913015018017
0.0806000000000951 0.013765533030042
0.0805000000000951 0.0137397810952645
0.0804000000000951 0.0137140457154093
0.0803000000000951 0.0136883269085084
0.0802000000000951 0.0136626246925706
0.0801000000000951 0.0136369390856592
0.0800000000000951 0.0136112701058197
0.0799000000000951 0.0135856177711691
0.0798000000000951 0.0135599820998428
0.0797000000000951 0.0135343631099297
0.0796000000000951 0.0135087608195792
0.0795000000000951 0.0134831752470215
0.0794000000000951 0.0134576064104426
0.0793000000000951 0.0134320543280858
0.0792000000000951 0.0134065190181596
0.0791000000000951 0.0133810004989964
0.0790000000000951 0.0133554987888261
0.078900000000095 0.0133300139060116
0.078800000000095 0.0133045458689053
0.078700000000095 0.01327909469577
0.078600000000095 0.0132536604051261
0.078500000000095 0.013228243015329
0.078400000000095 0.0132028425447766
0.078300000000095 0.013177459011985
0.078200000000095 0.0131520924353665
0.078100000000095 0.0131267428334864
0.078000000000095 0.0131014102248341
0.077900000000095 0.0130760946279467
0.077800000000095 0.013050796061382
0.077700000000095 0.0130255145437851
0.077600000000095 0.0130002500937221
0.077500000000095 0.01297500272987
0.077400000000095 0.0129497724708697
0.077300000000095 0.0129245593353562
0.077200000000095 0.0128993633421174
0.077100000000095 0.0128741845098386
0.077000000000095 0.0128490228572899
0.076900000000095 0.0128238784032325
0.076800000000095 0.0127987511664849
0.076700000000095 0.0127736411658721
0.076600000000095 0.0127485484202093
0.076500000000095 0.0127234729484215
0.076400000000095 0.012698414769317
0.076300000000095 0.0126733739018599
0.076200000000095 0.0126483503649931
0.076100000000095 0.0126233441777091
0.076000000000095 0.0125983553589115
0.075900000000095 0.0125733839276627
0.075800000000095 0.0125484299030028
0.075700000000095 0.0125234933039336
0.075600000000095 0.0124985741495937
0.0755000000000949 0.0124736724590739
0.0754000000000949 0.0124487882514822
0.0753000000000949 0.0124239215459948
0.0752000000000949 0.0123990723617164
0.0751000000000949 0.0123742407179164
0.0750000000000949 0.0123494266337974
0.0749000000000949 0.0123246301285833
0.0748000000000949 0.0122998512215586
0.0747000000000949 0.0122750899320065
0.0746000000000949 0.012250346279243
0.0745000000000949 0.0122256202825921
0.0744000000000949 0.0122009119614522
0.0743000000000949 0.0121762213351769
0.0742000000000949 0.012151548423184
0.0741000000000949 0.0121268932448824
0.0740000000000949 0.0121022558197707
0.0739000000000949 0.0120776361672968
0.0738000000000949 0.0120530343069757
0.0737000000000949 0.0120284502583631
0.0736000000000949 0.0120038840409381
0.0735000000000949 0.0119793356743887
0.0734000000000949 0.0119548051781751
0.0733000000000949 0.0119302925720261
0.0732000000000949 0.0119057978755452
0.0731000000000949 0.0118813211084265
0.0730000000000949 0.0118568622903332
0.0729000000000949 0.0118324214410165
0.0728000000000949 0.0118079985801923
0.0727000000000949 0.0117835937276277
0.0726000000000949 0.0117592069031286
0.0725000000000949 0.0117348381265179
0.0724000000000949 0.0117104874176196
0.0723000000000949 0.0116861547963047
0.0722000000000949 0.0116618402824254
0.0721000000000949 0.0116375438959286
0.0720000000000948 0.0116132656567556
0.0719000000000948 0.0115890055848719
0.0718000000000948 0.0115647637002226
0.0717000000000948 0.0115405400228173
0.0716000000000948 0.0115163345727174
0.0715000000000948 0.011492147369948
0.0714000000000948 0.0114679784346283
0.0713000000000948 0.0114438277868845
0.0712000000000948 0.0114196954467506
0.0711000000000948 0.0113955814343992
0.0710000000000948 0.0113714857700899
0.0709000000000948 0.011347408473958
0.0708000000000948 0.0113233495662092
0.0707000000000948 0.0112993090671671
0.0706000000000948 0.011275286997093
0.0705000000000948 0.0112512833762178
0.0704000000000948 0.0112272982249354
0.0703000000000948 0.0112033315635195
0.0702000000000948 0.0111793834124616
0.0701000000000948 0.011155453792042
0.0700000000000948 0.011131542722724
0.0699000000000948 0.011107650224993
0.0698000000000948 0.01108377631922
0.0697000000000948 0.011059921025992
0.0696000000000948 0.0110360843658054
0.0695000000000948 0.0110122663591757
0.0694000000000948 0.0109884670267049
0.0693000000000948 0.0109646863889632
0.0692000000000948 0.0109409244665638
0.0691000000000948 0.0109171812801697
0.0690000000000948 0.010893456850444
0.0689000000000948 0.0108697511980482
0.0688000000000948 0.010846064343758
0.0687000000000948 0.0108223963082644
0.0686000000000948 0.0107987471123328
0.0685000000000947 0.0107751167767768
0.0684000000000947 0.0107515053223865
0.0683000000000947 0.0107279127700043
0.0682000000000947 0.0107043391405131
0.0681000000000947 0.0106807844547731
0.0680000000000947 0.0106572487337397
0.0679000000000947 0.010633731998324
0.0678000000000947 0.0106102342694654
0.0677000000000947 0.0105867555681737
0.0676000000000947 0.0105632959154691
0.0675000000000947 0.0105398553324081
0.0674000000000947 0.0105164338400009
0.0673000000000947 0.0104930314593499
0.0672000000000947 0.0104696482115932
0.0671000000000947 0.0104462841178515
0.0670000000000947 0.0104229391992785
0.0669000000000947 0.0103996134770456
0.0668000000000947 0.0103763069724051
0.0667000000000947 0.0103530197065551
0.0666000000000947 0.0103297517007964
0.0665000000000947 0.0103065029763335
0.0664000000000947 0.0102832735545954
0.0663000000000947 0.0102600634567844
0.0662000000000947 0.0102368727043732
0.0661000000000947 0.0102137013187008
0.0660000000000947 0.0101905493211753
0.0659000000000947 0.0101674167331934
0.0658000000000947 0.0101443035763147
0.0657000000000947 0.0101212098719088
0.0656000000000947 0.010098135641589
0.0655000000000947 0.0100750809068267
0.0654000000000947 0.0100520456891542
0.0653000000000947 0.0100290300102427
0.0652000000000947 0.010006033891673
0.0651000000000947 0.00998305735498475
0.0650000000000946 0.00996010042194898
0.0649000000000946 0.00993716311422427
0.0648000000000946 0.00991424545352378
0.0647000000000946 0.00989134746151857
0.0646000000000946 0.00986846916007168
0.0645000000000946 0.00984561057086967
0.0644000000000946 0.00982277171579983
0.0643000000000946 0.00979995261661373
0.0642000000000946 0.00977715329525234
0.0641000000000946 0.00975437377355503
0.0640000000000946 0.00973161407345462
0.0639000000000946 0.00970887421685597
0.0638000000000946 0.00968615422571081
0.0637000000000946 0.00966345412205665
0.0636000000000946 0.00964077392783444
0.0635000000000946 0.00961811366512897
0.0634000000000946 0.00959547335599459
0.0633000000000946 0.00957285302250607
0.0632000000000946 0.00955025268676448
0.0631000000000946 0.00952767237092161
0.0630000000000946 0.00950511209712391
0.0629000000000946 0.00948257188754665
0.0628000000000946 0.00946005176441285
0.0627000000000946 0.00943755174998027
0.0626000000000946 0.009415071866414
0.0625000000000946 0.00939261213611515
0.0624000000000946 0.00937017258136963
0.0623000000000946 0.00934775322441976
0.0622000000000946 0.00932535408772393
0.0621000000000946 0.00930297519357369
0.0620000000000946 0.00928061656454112
0.0619000000000946 0.0092582782228948
0.0618000000000946 0.00923596019112031
0.0617000000000946 0.009213662491781
0.0616000000000946 0.00919138514733635
0.0615000000000945 0.0091691281802584
0.0614000000000945 0.00914689161324051
0.0613000000000945 0.00912467546880013
0.0612000000000945 0.00910247976950037
0.0611000000000945 0.00908030453802838
0.0610000000000945 0.00905814979704775
0.0609000000000945 0.00903601556918575
0.0608000000000945 0.00901390187719108
0.0607000000000945 0.00899180874380736
0.0606000000000945 0.00896973619175538
0.0605000000000945 0.00894768424385865
0.0604000000000945 0.00892565292290287
0.0603000000000945 0.00890364225165654
0.0602000000000945 0.0088816522530795
0.0601000000000945 0.00885968295002518
0.0600000000000945 0.00883773436537977
0.0599000000000945 0.00881580652209608
0.0598000000000945 0.00879389944308816
0.0597000000000945 0.00877201315138179
0.0596000000000945 0.00875014766997163
0.0595000000000945 0.00872830302184265
0.0594000000000945 0.00870647923011141
0.0593000000000945 0.00868467631783133
0.0592000000000945 0.00866289430810445
0.0591000000000945 0.00864113322403628
0.0590000000000945 0.00861939308880188
0.0589000000000945 0.00859767392562377
0.0588000000000945 0.00857597575763074
0.0587000000000945 0.0085542986080504
0.0586000000000945 0.00853264250017214
0.0585000000000945 0.00851100745730326
0.0584000000000945 0.00848939350265002
0.0583000000000945 0.0084678006595856
0.0582000000000945 0.0084462289514682
0.0581000000000945 0.00842467840168055
0.0580000000000944 0.00840314903354883
0.0579000000000944 0.00838164087057944
0.0578000000000944 0.00836015393614498
0.0577000000000944 0.00833868825378199
0.0576000000000944 0.0083172438469958
0.0575000000000944 0.00829582073915254
0.0574000000000944 0.00827441895398238
0.0573000000000944 0.00825303851493098
0.0572000000000944 0.00823167944566671
0.0571000000000944 0.00821034176976589
0.0570000000000944 0.00818902551082465
0.0569000000000944 0.00816773069258584
0.0568000000000944 0.00814645733864637
0.0567000000000944 0.00812520547284333
0.0566000000000944 0.00810397511876823
0.0565000000000944 0.008082766300273
0.0564000000000944 0.00806157904112831
0.0563000000000944 0.00804041336514361
0.0562000000000944 0.00801926929604904
0.0561000000000944 0.00799814685780475
0.0560000000000944 0.00797704607428613
0.0559000000000944 0.00795596696931965
0.0558000000000944 0.00793490956691864
0.0557000000000944 0.00791387389096725
0.0556000000000944 0.00789285996544777
0.0555000000000944 0.00787186781430073
0.0554000000000944 0.00785089746169243
0.0553000000000944 0.0078299489314826
0.0552000000000944 0.00780902224787832
0.0551000000000944 0.00778811743491839
0.0550000000000944 0.00776723451666154
0.0549000000000944 0.00774637351728037
0.0548000000000944 0.00772553446092016
0.0547000000000944 0.00770471737181574
0.0546000000000944 0.00768392227408922
0.0545000000000943 0.00766314919201535
0.0544000000000943 0.00764239814978104
0.0543000000000943 0.00762166917175225
0.0542000000000943 0.00760096228213468
0.0541000000000943 0.00758027750525623
0.0540000000000943 0.00755961486548422
0.0539000000000943 0.00753897438718121
0.0538000000000943 0.00751835609471697
0.0537000000000943 0.00749776001244775
0.0536000000000943 0.00747718616488545
0.0535000000000943 0.00745663457643706
0.0534000000000943 0.00743610527153549
0.0533000000000943 0.00741559827473948
0.0532000000000943 0.00739511361055503
0.0531000000000943 0.00737465130350238
0.0530000000000943 0.00735421137805762
0.0529000000000943 0.00733379385899036
0.0528000000000943 0.00731339877075133
0.0527000000000943 0.00729302613797176
0.0526000000000943 0.00727267598538375
0.0525000000000943 0.00725234833756888
0.0524000000000943 0.00723204321921878
0.0523000000000943 0.00721176065510199
0.0522000000000943 0.00719150066988142
0.0521000000000943 0.00717126328837265
0.0520000000000943 0.0071510485352735
0.0519000000000943 0.00713085643551567
0.0518000000000943 0.00711068701377653
0.0517000000000943 0.00709054029488853
0.0516000000000943 0.00707041630376524
0.0515000000000943 0.00705031506523339
0.0514000000000943 0.00703023660429362
0.0513000000000943 0.00701018094571693
0.0512000000000943 0.00699014811453485
0.0511000000000943 0.00697013813568499
0.0510000000000942 0.00695015103406247
0.0509000000000942 0.00693018683480933
0.0508000000000942 0.0069102455628822
0.0507000000000942 0.00689032724323709
0.0506000000000942 0.00687043190103678
0.0505000000000942 0.00685055956127196
0.0504000000000942 0.0068307102491375
0.0503000000000942 0.00681088398964147
0.0502000000000942 0.00679108080792626
0.0501000000000942 0.00677130072921944
0.0500000000000942 0.00675154377857805
0.0499000000000942 0.00673180998131476
0.0498000000000942 0.00671209936255675
0.0497000000000942 0.0066924119475016
0.0496000000000942 0.00667274776150278
0.0495000000000942 0.00665310682968272
0.0494000000000942 0.00663348917742178
0.0493000000000942 0.0066138948299998
0.0492000000000942 0.00659432381268696
0.0491000000000942 0.00657477615086503
0.0490000000000942 0.00655525186980205
0.0489000000000942 0.00653575099496273
0.0488000000000942 0.00651627355169174
0.0487000000000942 0.00649681956539988
0.0486000000000942 0.00647738906141933
0.0485000000000942 0.00645798206530796
0.0484000000000942 0.00643859860246957
0.0483000000000942 0.00641923869836564
0.0482000000000942 0.00639990237838454
0.0481000000000942 0.00638058966815023
0.0480000000000942 0.00636130059319164
0.0479000000000942 0.00634203517893174
0.0478000000000942 0.00632279345100667
0.0477000000000942 0.006303575434878
0.0476000000000942 0.00628438115618061
0.0475000000000941 0.00626521064054594
0.0474000000000941 0.00624606391351153
0.0473000000000941 0.00622694100068811
0.0472000000000941 0.00620784192776229
0.0471000000000941 0.00618876672034851
0.0470000000000941 0.00616971540414763
0.0469000000000941 0.0061506880046782
0.0468000000000941 0.00613168454790397
0.0467000000000941 0.00611270505928099
0.0466000000000941 0.00609374956462332
0.0465000000000941 0.00607481808962303
0.0464000000000941 0.00605591065997094
0.0463000000000941 0.00603702730163221
0.0462000000000941 0.00601816804015203
0.0461000000000941 0.0059993329013707
0.0460000000000941 0.00598052191109742
0.0459000000000941 0.00596173509508782
0.0458000000000941 0.00594297247925063
0.0457000000000941 0.00592423408918958
0.0456000000000941 0.00590551995091719
0.0455000000000941 0.00588683009021955
0.0454000000000941 0.00586816453305701
0.0453000000000941 0.0058495233050834
0.0452000000000941 0.00583090643232006
0.0451000000000941 0.00581231394061418
0.0450000000000941 0.00579374585579613
0.0449000000000941 0.00577520220382389
0.0448000000000941 0.00575668301053898
0.0447000000000941 0.00573818830196896
0.0446000000000941 0.00571971810396281
0.0445000000000941 0.00570127244242189
0.0444000000000941 0.00568285134330237
0.0443000000000941 0.00566445483256487
0.0442000000000941 0.00564608293617721
0.0441000000000941 0.00562773568005553
0.044000000000094 0.00560941309010487
0.043900000000094 0.00559111519247239
0.043800000000094 0.00557284201293021
0.043700000000094 0.00555459357757756
0.043600000000094 0.00553636991233361
0.043500000000094 0.0055181710432402
0.043400000000094 0.00549999699621003
0.043300000000094 0.00548184779727718
0.043200000000094 0.00546372347252605
0.043100000000094 0.00544562404783405
0.043000000000094 0.00542754954924139
0.042900000000094 0.00540950000271123
0.042800000000094 0.00539147543435914
0.042700000000094 0.00537347587005141
0.042600000000094 0.00535550133590003
0.042500000000094 0.0053375518578607
0.042400000000094 0.00531962746196808
0.042300000000094 0.00530172817422067
0.042200000000094 0.00528385402063072
0.042100000000094 0.00526600502716272
0.042000000000094 0.00524818121995903
0.041900000000094 0.00523038262479459
0.041800000000094 0.00521260926776936
0.041700000000094 0.00519486117495194
0.041600000000094 0.00517713837230849
0.041500000000094 0.00515944088574074
0.041400000000094 0.00514176874127098
0.041300000000094 0.00512412196496145
0.041200000000094 0.00510650058269946
0.041100000000094 0.00508890462046335
0.041000000000094 0.00507133410416236
0.040900000000094 0.00505378905994676
0.040800000000094 0.00503626951351019
0.040700000000094 0.00501877549088158
0.040600000000094 0.00500130701810949
0.0405000000000939 0.00498386412082705
0.0404000000000939 0.00496644682528378
0.0403000000000939 0.00494905515717863
0.0402000000000939 0.00493168914245233
0.0401000000000939 0.00491434880702066
0.0400000000000939 0.00489703417659792
0.0399000000000939 0.00487974527719551
0.0398000000000939 0.00486248213457824
0.0397000000000939 0.00484524477459835
0.0396000000000939 0.00482803322307829
0.0395000000000939 0.00481084750573914
0.0394000000000939 0.00479368764839734
0.0393000000000939 0.00477655367681446
0.0392000000000939 0.00475944561676381
0.0391000000000939 0.0047423634940367
0.0390000000000939 0.00472530733407842
0.0389000000000939 0.00470827716280038
0.0388000000000939 0.00469127300591079
0.0387000000000939 0.00467429488885578
0.0386000000000939 0.00465734283750895
0.0385000000000939 0.0046404168772083
0.0384000000000939 0.00462351703366197
0.0383000000000939 0.00460664333238938
0.0382000000000939 0.00458979579905756
0.0381000000000939 0.00457297445906204
0.0380000000000939 0.00455617933781435
0.0379000000000939 0.00453941046087242
0.0378000000000939 0.00452266785360049
0.0377000000000939 0.00450595154138588
0.0376000000000939 0.00448926154963248
0.0375000000000939 0.00447259790367529
0.0374000000000939 0.00445596062884507
0.0373000000000939 0.00443934975031027
0.0372000000000939 0.00442276529333823
0.0371000000000939 0.00440620728319522
0.0370000000000938 0.00438967574494093
0.0369000000000938 0.00437317070381048
0.0368000000000938 0.00435669218478563
0.0367000000000938 0.00434024021308225
0.0366000000000938 0.00432381481353603
0.0365000000000938 0.00430741601118276
0.0364000000000938 0.00429104383093869
0.0363000000000938 0.00427469829779653
0.0362000000000938 0.00425837943646863
0.0361000000000938 0.00424208727173965
0.0360000000000938 0.00422582182858353
0.0359000000000938 0.00420958313146653
0.0358000000000938 0.00419337120512669
0.0357000000000938 0.00417718607412579
0.0356000000000938 0.00416102776306916
0.0355000000000938 0.00414489629649491
0.0354000000000938 0.00412879169875435
0.0353000000000938 0.00411271399431103
0.0352000000000938 0.00409666320753402
0.0351000000000938 0.00408063936259784
0.0350000000000938 0.00406464248382001
0.0349000000000938 0.00404867259534519
0.0348000000000938 0.00403272972118265
0.0347000000000938 0.00401681388557377
0.0346000000000938 0.00400092511231374
0.0345000000000938 0.00398506342529269
0.0344000000000938 0.00396922884856251
0.0343000000000938 0.00395342140567934
0.0342000000000938 0.00393764112041104
0.0341000000000938 0.00392188801643546
0.0340000000000938 0.00390616211721945
0.0339000000000938 0.00389046344633108
0.0338000000000938 0.00387479202712233
0.0337000000000938 0.00385914788296401
0.0336000000000937 0.00384353103703809
0.0335000000000937 0.00382794151258518
0.0334000000000937 0.00381237933263957
0.0333000000000937 0.00379684452013454
0.0332000000000937 0.00378133709815627
0.0331000000000937 0.00376585708923015
0.0330000000000937 0.00375040451639311
0.0329000000000937 0.00373497940208809
0.0328000000000937 0.00371958176907153
0.0327000000000937 0.00370421163931771
0.0326000000000937 0.00368886903565233
0.0325000000000937 0.00367355398010151
0.0324000000000937 0.00365826649487472
0.0323000000000937 0.00364300660197047
0.0322000000000937 0.0036277743233133
0.0321000000000937 0.0036125696806344
0.0320000000000937 0.00359739269578154
0.0319000000000937 0.00358224339024091
0.0318000000000937 0.00356712178555373
0.0317000000000937 0.0035520279030889
0.0316000000000937 0.00353696176400625
0.0315000000000937 0.00352192338935492
0.0314000000000937 0.00350691280029394
0.0313000000000937 0.00349193001756627
0.0312000000000937 0.00347697506194101
0.0311000000000937 0.00346204795388508
0.0310000000000937 0.00344714871386903
0.0309000000000937 0.00343227736242932
0.0308000000000937 0.00341743391951701
0.0307000000000937 0.00340261840522212
0.0306000000000937 0.00338783083936938
0.0305000000000937 0.00337307124180748
0.0304000000000937 0.00335833963190014
0.0303000000000937 0.00334363602928005
0.0302000000000937 0.0033289604529909
0.0301000000000937 0.00331431292229771
0.0300000000000937 0.00329969345610251
0.0299000000000937 0.00328510207301175
0.0298000000000937 0.00327053879177271
0.0297000000000937 0.00325600363062976
0.0296000000000937 0.00324149660795788
0.0295000000000937 0.00322701774170486
0.0294000000000937 0.00321256704974574
0.0293000000000937 0.00319814454972421
0.0292000000000937 0.00318375025913754
0.0291000000000937 0.00316938419511864
0.0290000000000937 0.00315504637498052
0.0289000000000937 0.00314073681537261
0.0288000000000937 0.00312645553305957
0.0287000000000937 0.00311220254450685
0.0286000000000937 0.00309797786567746
0.0285000000000937 0.00308378151285258
0.0284000000000937 0.0030696135016654
0.0283000000000937 0.00305547384766164
0.0282000000000937 0.00304136256612896
0.0281000000000937 0.0030272796722689
0.0280000000000937 0.00301322518062797
0.0279000000000937 0.00299919910589076
0.0278000000000937 0.0029852014624756
0.0277000000000937 0.00297123226425184
0.0276000000000937 0.00295729152515466
0.0275000000000937 0.00294337925864254
0.0274000000000937 0.00292949547788978
0.0273000000000937 0.00291564019585563
0.0272000000000937 0.00290181342537024
0.0271000000000937 0.00288801517855833
0.0270000000000937 0.0028742454676938
0.0269000000000937 0.0028605043045335
0.0268000000000937 0.00284679170052143
0.0267000000000937 0.00283310766671237
0.0266000000000937 0.00281945221411174
0.0265000000000937 0.0028058253531225
0.0264000000000937 0.00279222709397842
0.0263000000000937 0.00277865744641942
0.0262000000000937 0.0027651164199815
0.0261000000000937 0.00275160402392287
0.0260000000000937 0.00273812026671472
0.0259000000000937 0.00272466515713497
0.0258000000000937 0.00271123870288793
0.0257000000000937 0.0026978409118289
0.0256000000000937 0.00268447179115966
0.0255000000000937 0.00267113134772204
0.0254000000000937 0.00265781958799099
0.0253000000000937 0.0026445365179932
0.0252000000000937 0.00263128214346149
0.0251000000000937 0.00261805646951296
0.0250000000000937 0.00260485950077752
0.0249000000000937 0.00259169124177573
0.0248000000000937 0.00257855169631719
0.0247000000000937 0.00256544086775634
0.0246000000000937 0.00255235875901498
0.0245000000000937 0.00253930537253413
0.0244000000000937 0.00252628071033673
0.0243000000000937 0.00251328477383336
0.0242000000000937 0.00250031756389487
0.0241000000000937 0.00248737908114842
0.0240000000000937 0.00247446932523321
0.0239000000000937 0.00246158829558615
0.0238000000000937 0.00244873599112017
0.0237000000000937 0.0024359124099029
0.0236000000000937 0.00242311754973904
0.0235000000000937 0.00241035140761978
0.0234000000000937 0.00239761397990998
0.0233000000000937 0.00238490526265741
0.0232000000000937 0.00237222525115641
0.0231000000000937 0.00235957393973661
0.0230000000000937 0.00234695132260697
0.0229000000000937 0.00233435739294434
0.0228000000000937 0.00232179214344297
0.0227000000000937 0.00230925556604882
0.0226000000000937 0.00229674765200992
0.0225000000000937 0.00228426839178443
0.0224000000000937 0.00227181777530914
0.0223000000000937 0.00225939579151205
0.0222000000000937 0.00224700242871716
0.0221000000000937 0.00223463767450639
0.0220000000000937 0.00222230151553665
0.0219000000000937 0.00220999393783227
0.0218000000000937 0.00219771492646254
0.0217000000000937 0.00218546446564558
0.0216000000000937 0.00217324253883161
0.0215000000000937 0.00216104912866706
0.0214000000000937 0.00214888421671697
0.0213000000000937 0.00213674778355618
0.0212000000000937 0.00212463980928068
0.0211000000000937 0.00211256027266461
0.0210000000000937 0.00210050915155722
0.0209000000000937 0.00208848642278889
0.0208000000000937 0.00207649206235449
0.0207000000000937 0.00206452604521847
0.0206000000000937 0.00205258834513687
0.0205000000000937 0.00204067893477223
0.0204000000000937 0.00202879778597267
0.0203000000000938 0.00201694486909377
0.0202000000000938 0.00200512015370141
0.0201000000000938 0.00199332360801547
0.0200000000000938 0.00198155519885089
0.0199000000000938 0.00196981489231952
0.0198000000000938 0.00195810265303145
0.0197000000000938 0.00194641844410327
0.0196000000000938 0.00193476222772522
0.0195000000000938 0.00192313396458831
0.0194000000000938 0.00191153361419606
0.0193000000000938 0.00189996113429322
0.0192000000000938 0.0018884164816541
0.0191000000000938 0.00187689961149553
0.0190000000000938 0.00186541047734642
0.0189000000000938 0.00185394903165827
0.0188000000000938 0.00184251522476864
0.0187000000000938 0.00183110900588018
0.0186000000000938 0.00181973032265227
0.0185000000000938 0.00180837912103384
0.0184000000000938 0.00179705534487343
0.0183000000000938 0.00178575893702191
0.0182000000000938 0.00177448983803956
0.0181000000000938 0.00176324798714792
0.0180000000000938 0.00175203332133434
0.0179000000000938 0.00174084577597426
0.0178000000000938 0.00172968528450585
0.0177000000000938 0.0017185517783937
0.0176000000000938 0.00170744518726159
0.0175000000000938 0.00169636543843976
0.0174000000000938 0.00168531245752339
0.0173000000000938 0.00167428616754638
0.0172000000000938 0.00166328648990815
0.0171000000000938 0.00165231334339861
0.0170000000000938 0.00164136664479293
0.0169000000000938 0.00163044630838209
0.0168000000000938 0.00161955224613432
0.0167000000000938 0.00160868436764852
0.0166000000000938 0.00159784258002153
0.0165000000000938 0.00158702678794782
0.0164000000000938 0.00157623689350949
0.0163000000000938 0.00156547279578222
0.0162000000000938 0.00155473439160984
0.0161000000000938 0.00154402157504618
0.0160000000000938 0.00153333423683039
0.0159000000000938 0.00152267226562595
0.0158000000000938 0.0015120355460752
0.0157000000000938 0.00150142396123598
0.0156000000000938 0.00149083738936099
0.0155000000000938 0.00148027570702337
0.0154000000000938 0.00146973878672991
0.0153000000000938 0.00145922649800236
0.0152000000000938 0.00144873870676527
0.0151000000000938 0.00143827527568864
0.0150000000000938 0.00142783606380528
0.0149000000000938 0.00141742092657647
0.0148000000000938 0.00140702971574708
0.0147000000000938 0.00139666227906477
0.0146000000000938 0.0013863184606882
0.0145000000000938 0.00137599810064811
0.0144000000000938 0.00136570103485081
0.0143000000000938 0.00135542709534822
0.0142000000000938 0.00134517610937176
0.0141000000000938 0.00133494790033104
0.0140000000000938 0.00132474228687155
0.0139000000000938 0.00131455908317295
0.0138000000000938 0.00130439809889923
0.0137000000000938 0.00129425913856767
0.0136000000000938 0.00128414200180108
0.0135000000000938 0.00127404648383748
0.0134000000000938 0.00126397237405508
0.0133000000000938 0.00125391945681282
0.0132000000000938 0.00124388751132923
0.0131000000000938 0.00123387631088023
0.0130000000000938 0.0012238856235624
0.0129000000000938 0.00121391521121694
0.0128000000000938 0.00120396483024664
0.0127000000000938 0.00119403423056633
0.0126000000000938 0.00118412315639987
0.0125000000000938 0.0011742313451972
0.0124000000000938 0.00116435852799797
0.0123000000000938 0.00115450442924572
0.0122000000000938 0.00114466876681772
0.0121000000000938 0.00113485125115129
0.0120000000000938 0.00112505158593842
0.0119000000000938 0.0011152694673187
0.0118000000000938 0.00110550458429662
0.0117000000000938 0.001095756617721
0.0116000000000938 0.00108602524122094
0.0115000000000938 0.00107631011961887
0.0114000000000938 0.00106661091059383
0.0113000000000938 0.00105692726246519
0.0112000000000938 0.00104725881540341
0.0111000000000938 0.00103760520068226
0.0110000000000938 0.00102796604085884
0.0109000000000938 0.00101834094885563
0.0108000000000938 0.0010087295284982
0.0107000000000938 0.000999131373935509
0.0106000000000938 0.000989546069171776
0.0105000000000938 0.000979973188785158
0.0104000000000938 0.000970412296250871
0.0103000000000938 0.000960862945186245
0.0102000000000938 0.000951324678108181
0.0101000000000938 0.000941797026873642
0.0100000000000938 0.000932279511738064
0.00990000000009381 0.000922771641618463
0.00980000000009381 0.000913272913744216
0.00970000000009381 0.000903782813425259
0.00960000000009381 0.000894300813822742
0.00950000000009382 0.00088482637559312
0.00940000000009382 0.000875358946396313
0.00930000000009382 0.000865897961409351
0.00920000000009382 0.000856442842617706
0.00910000000009382 0.000846992998047736
0.00900000000009382 0.000837547822875271
0.00890000000009382 0.000828106697382693
0.00880000000009382 0.000818668988688096
0.00870000000009382 0.000809234048755036
0.00860000000009382 0.000799801215145053
0.00850000000009382 0.00079036981090341
0.00840000000009382 0.000780939143742832
0.00830000000009382 0.000771508506330438
0.00820000000009382 0.000762077175583354
0.00810000000009382 0.000752644413349658
0.00800000000009382 0.000743209465449799
0.00790000000009383 0.000733771561796316
0.00780000000009382 0.000724329916523265
0.00770000000009382 0.000714883727792806
0.00760000000009382 0.000705432177305256
0.00750000000009382 0.000695974431136481
0.00740000000009382 0.000686509638904828
0.00730000000009382 0.000677036934696984
0.00720000000009382 0.000667555436151627
0.00710000000009382 0.000658064245460599
0.00700000000009382 0.000648562449650192
0.00690000000009382 0.000639049120049716
0.00680000000009382 0.000629523313726627
0.00670000000009382 0.000619984073134397
0.00660000000009382 0.000610430427057489
0.00650000000009382 0.000600861391344728
0.00640000000009382 0.000591275969581109
0.00630000000009382 0.000581673154204983
0.00620000000009382 0.000572051927087117
0.00610000000009382 0.000562411261731263
0.00600000000009382 0.000552750123961694
0.00590000000009382 0.00054306747366207
0.00580000000009382 0.00053336226718335
0.00570000000009382 0.000523633459271647
0.00560000000009382 0.000513880005017332
0.00550000000009382 0.000504100863720239
0.00540000000009382 0.000494295001222629
0.00530000000009382 0.00048446139376921
0.00520000000009382 0.000474599032180499
0.00510000000009382 0.000464706926446258
0.00500000000009382 0.000454784110387149
0.00490000000009382 0.000444829648085832
0.00480000000009382 0.000434842640300368
0.00470000000009382 0.000424822231142738
0.00460000000009382 0.000414767617191425
0.00450000000009382 0.0004046780559949
0.00440000000009382 0.000394552876796878
0.00430000000009382 0.000384391492358237
0.00420000000009382 0.000374193411265385
0.00410000000009382 0.000363958253392951
0.00400000000009381 0.000353685765927601
0.00390000000009382 0.000343375842057168
0.00380000000009382 0.000333028541471783
0.00370000000009382 0.000322644113883404
0.00360000000009382 0.000312223025283944
0.00350000000009382 0.000301765987332345
0.00340000000009382 0.000291273990594869
0.00330000000009382 0.000280748342092273
0.00320000000009382 0.000270190707386759
0.00310000000009382 0.000259603158072876
0.00300000000009382 0.000248988225688411
0.00290000000009382 0.000238348961981184
0.00280000000009382 0.000227689008131734
0.00270000000009382 0.000217012672135605
0.00260000000009382 0.00020632501664859
0.00250000000009382 0.000195631959460275
0.00240000000009382 0.000184940386816807
0.00230000000009382 0.000174258282272553
0.00220000000009382 0.000163594874475437
0.00210000000009382 0.000152960804395317
0.00200000000009382 0.000142368317346937
0.00190000000009382 0.000131831482624108
0.00180000000009382 0.000121366444659016
0.00170000000009382 0.000110991711578922
0.00160000000009382 0.000100728488047848
0.00150000000009382 9.06010567403643E-05
0.00140000000009382 8.0637221189195E-05
0.00130000000009382 7.08688162856151E-05
0.00120000000009382 6.13323013566848E-05
0.00110000000009382 5.2069448731379E-05
0.00100000000009382 4.3128146377019E-05
0.000900000000093818 3.45633346481735E-05
0.000800000000093818 2.64381039495345E-05
0.000700000000093818 1.88249825639167E-05
0.000600000000093818 1.18074536197975E-05
0.000500000000093818 5.48174655431044E-06
0.000400000000093818 -4.10405627212829E-08
0.000300000000093818 -4.63241822632895E-06
0.000200000000093818 -8.14349616318287E-06
0.000100000000093818 -1.04013804035844E-05
9.38175589732665E-14 -1.12048432257807E-05
-9.99999999061824E-05 -1.03190976644854E-05
-0.000199999999906182 -7.46946446714426E-06
-0.000299999999906182 -2.33366187486948E-06
-0.000399999999906182 5.4676264133159E-06
-0.000499999999906182 1.63823483163067E-05
-0.000599999999906183 3.09414194012319E-05
-0.000699999999906183 4.97765459168505E-05
-0.000799999999906183 7.36425182243772E-05
-0.000899999999906183 0.000103445277007463
-0.000999999999906183 0.000140277490119015
-0.00109999999990618 0.000185463985884327
-0.00119999999990618 0.000240620231105418
-0.00129999999990618 0.000307728241005103
-0.00139999999990618 0.000389236020562527
-0.00149999999990618 0.000488189117422191
-0.00159999999990618 0.000608406521399601
-0.00169999999990618 0.000754718590834542
-0.00179999999990618 0.000933292952945819
-0.00189999999990618 0.00115208708881294
-0.00199999999990618 0.00142148640724534
-0.00209999999990618 0.00175521891601277
-0.00219999999990618 0.0021716907875368
-0.00229999999990618 0.00269597696158162
-0.00239999999990618 0.00336285712211195
-0.00249999999990618 0.00422156794699156
-0.00259999999990618 0.0053434650845712
-0.00269999999990618 0.00683480317109192
-0.00279999999990618 0.00885890975161211
-0.00289999999990618 0.0116764829932055
-0.00299999999990618 0.015722991610176
-0.00309999999990618 0.0217676788227791
-0.00319999999990618 0.031268721480188
-0.00329999999990618 0.0472564307839257
-0.00339999999990618 0.0768684241202467
-0.00349999999990618 0.14027011665887
-0.00359999999990618 0.313822094639488
-0.00369999999990618 1.11313662706368
-0.00379999999990618 41.868042383104
-0.00389999999990618 2.79584029254808
-0.00399999999990618 0.580073536678575
-0.00409999999990618 0.251782158297231
-0.00419999999990618 0.143450600519995
-0.00429999999990618 0.0942522152513039
-0.00439999999990618 0.0676085605726364
-0.00449999999990618 0.0514654891463997
-0.00459999999990618 0.040891199709798
-0.00469999999990618 0.0335555595337577
-0.00479999999990618 0.0282377802274327
-0.00489999999990618 0.0242463300314105
-0.00499999999990618 0.0211647610390029
-0.00509999999990618 0.0187296078527489
-0.00519999999990618 0.0167672814269946
-0.00529999999990618 0.0151594492199885
-0.00539999999990618 0.0138230763325765
-0.00549999999990618 0.0126984254439759
-0.00559999999990618 0.0117415773346459
-0.00569999999990618 0.0109196211132604
-0.00579999999990618 0.0102074754230221
-0.00589999999990619 0.00958573615403411
-0.00599999999990619 0.00903918749678084
-0.00609999999990619 0.00855575183478835
-0.00619999999990619 0.00812573616142114
-0.00629999999990619 0.00774128271496088
-0.00639999999990619 0.00739596270548662
-0.00649999999990619 0.00708447191413952
-0.00659999999990619 0.00680239985310691
-0.00669999999990619 0.00654605276297179
-0.00679999999990619 0.006312316506533
-0.00689999999990619 0.00609854934128613
-0.00699999999990619 0.00590249733244194
-0.00709999999990619 0.00572222705887581
-0.00719999999990619 0.00555607168485595
-0.00729999999990619 0.00540258741599959
-0.00739999999990619 0.00526051810306329
-0.00749999999990619 0.00512876630378636
-0.00759999999990619 0.00500636945756488
-0.00769999999990619 0.0048924801833185
-0.00779999999990619 0.0047863498789231
-0.00789999999990619 0.00468731501717641
-0.00799999999990619 0.0045947856332417
-0.00809999999990619 0.00450823560188532
-0.00819999999990619 0.00442719441114222
-0.00829999999990619 0.00435124015156199
-0.00839999999990619 0.00427999352839569
-0.00849999999990619 0.00421311273209842
-0.00859999999990619 0.00415028902315571
-0.00869999999990619 0.00409124291281647
-0.00879999999990619 0.00403572086666502
-0.00889999999990618 0.00398349243238808
-0.00899999999990618 0.00393434773759115
-0.00909999999990618 0.00388809530566051
-0.00919999999990618 0.00384456013890682
-0.00929999999990618 0.00380358203588416
-0.00939999999990618 0.00376501410992422
-0.00949999999990618 0.00372872147948904
-0.00959999999990618 0.00369458010698841
-0.00969999999990618 0.00366247577492104
-0.00979999999990618 0.0036323031702391
-0.00989999999990618 0.00360396506923533
-0.00999999999990618 0.00357737161370893
-0.0100999999999062 0.00355243965810965
