0.000900000000093818 3.45633346481735E-05
0.000800000000093818 2.64381039495345E-05
0.000700000000093818 1.88249825639167E-05
0.000600000000093818 1.18074536197975E-05
0.000500000000093818 5.48174655431044E-06
0.000400000000093818 -4.10405627212829E-08
0.000300000000093818 -4.63241822632895E-06
0.000200000000093818 -8.14349616318287E-06
0.000100000000093818 -1.04013804035844E-05
9.38175589732665E-14 -1.12048432257807E-05
-9.99999999061824E-05 -1.03190976644854E-05
-0.000199999999906182 -7.46946446714426E-06
-0.000299999999906182 -2.33366187486948E-06
-0.000399999999906182 5.4676264133159E-06
-0.000499999999906182 1.63823483163067E-05
-0.000599999999906183 3.09414194012319E-05
-0.000699999999906183 4.97765459168505E-05