0 4,84092371230949
0,0204081632653061 4,84092371230949
0,0408163265306122 4,84515147156259
0,0612244897959184 4,85361290195022
0,0816326530612245 4,86631980699149
0,102040816326531 4,88328984134249
0,122448979591837 4,90454645001754
0,142857142857143 4,93011878731273
0,163265306122449 4,96004161542889
0,183673469387755 4,99435518282767
0,204081632653061 5,03310508241714
0,224489795918367 5,07634208975633
0,244897959183673 5,12412198159949
0,26530612244898 5,17650533527444
0,285714285714286 5,2335573096142
0,306122448979592 5,29534740844235
0,326530612244898 5,36194922795863
0,346938775510204 5,43344018979004
0,36734693877551 5,5099012619718
0,387755102040816 5,59141667071163
0,408163265306122 5,67807360647781
0,428571428571429 5,76996192874675
0,448979591836735 5,8671738746585
0,469387755102041 5,96980377786799
0,489795918367347 6,07794780505663
0,510204081632653 6,19170371889118
0,530612244897959 6,31117067769449
0,551020408163265 6,43644908373387
0,571428571428571 6,56764049384317
0,591836734693878 6,7048476080818
0,612244897959184 6,84817435429833
0,63265306122449 6,99772608881036
0,653061224489796 7,15360993593161
0,673469387755102 7,31593529176399
0,693877551020408 7,48481452051307
0,714285714285714 7,66036387455952
0,73469387755102 7,84270467259723
0,755102040816326 8,03196477329293
0,775510204081633 8,22828038507948
0,795918367346939 8,4317982558021
0,816326530612245 8,64267828891003
0,836734693877551 8,86109663562572
0,857142857142857 9,08724931490506
0,877551020408163 9,32135641487717
0,897959183673469 9,56366693064397
0,918367346938775 9,81446429361839
0,938775510204082 10,0740726467424
0,959183673469388 10,342863917671
0,979591836734694 10,6212657380125
1 10,919993308325
