0 0,769130554126472
0,0204081632653061 0,769130554126472
0,0408163265306122 0,764923241293745
0,0612244897959184 0,756504797175735
0,0816326530612245 0,743867821924294
0,102040816326531 0,727001807871844
0,122448979591837 0,705893848519186
0,142857142857143 0,680529581193352
0,163265306122449 0,650894360903016
0,183673469387755 0,616974662058046
0,204081632653061 0,57875970369491
0,224489795918367 0,536243292625875
0,244897959183673 0,489425877471328
0,26530612244898 0,43831680480361
0,285714285714286 0,382936766588697
0,306122448979592 0,323320425718277
0,326530612244898 0,259519203636674
0,346938775510204 0,191604210840251
0,36734693877551 0,11966929731439
0,387755102040816 0,0438341957257113
0,408163265306122 -0,0357522746471097
0,428571428571429 -0,118908980736451
0,448979591836735 -0,205419268930499
0,469387755102041 -0,295027829342767
0,489795918367347 -0,387437689469268
0,510204081632653 -0,482307404248136
0,530612244897959 -0,579248519151732
0,551020408163265 -0,677823393594965
0,571428571428571 -0,777543483714483
0,591836734693878 -0,877868196544357
0,612244897959184 -0,978204441871307
0,63265306122449 -1,07790702368702
0,653061224489796 -1,17628003026053
0,673469387755102 -1,27257940052768
0,693877551020408 -1,36601686483774
0,714285714285714 -1,45576548021262
0,73469387755102 -1,54096700426729
0,755102040816326 -1,62074137791623
0,775510204081633 -1,69419861505795
0,795918367346939 -1,76045342769159
0,816326530612245 -1,81864294747982
0,836734693877551 -1,86794793972874
0,857142857142857 -1,90761794320012
0,877551020408163 -1,93700080918816
0,897959183673469 -1,95557715595463
0,918367346938775 -1,96300029998456
0,938775510204082 -1,95914227364503
0,959183673469388 -1,94414658973403
0,979591836734694 -1,91848846710972
1 -1,88310297361088
