0 -34.064096653515
0.0204081632653061 -32.74003577002
0.0408163265306122 -31.3886756193808
0.0612244897959184 -30.0094533498463
0.0816326530612245 -28.6017945048822
0.102040816326531 -27.1651127839041
0.122448979591837 -25.6988097980802
0.142857142857143 -24.2022748210968
0.163265306122449 -22.674884534787
0.183673469387755 -21.1160027695135
0.204081632653061 -19.5249802391988
0.224489795918367 -17.9011542708937
0.244897959183673 -16.2438485287677
0.26530612244898 -14.552372732411
0.285714285714286 -12.8260223693268
0.306122448979592 -11.064078401497
0.326530612244898 -9.26580696589707
0.346938775510204 -7.43045906883672
0.36734693877551 -5.55727027399827
0.387755102040816 -3.64546038404314
0.408163265306122 -1.69423311565364
0.428571428571429 0.297224232124695
0.448979591836735 2.32974111637976
0.469387755102041 4.40416409580762
0.489795918367347 6.52135718331074
0.510204081632653 8.68220220586618
0.530612244897959 10.8875991718127
0.551020408163265 13.1384666457116
0.571428571428571 15.4357421309354
0.591836734693878 17.7803824601453
0.612244897959184 20.1733641938192
0.63265306122449 22.6156840269968
0.653061224489796 25.10835920441
0.673469387755102 27.6524279441739
0.693877551020408 30.2489498702116
0.714285714285714 32.8990064535964
0.73469387755102 34.4335620544073
0.755102040816326 33.2934482173814
0.775510204081633 20.216185528021
0.795918367346939 17.5788814205552
0.816326530612245 16.9231806751438
0.836734693877551 -23.7867150374508
0.857142857142857 -45.9326238592704
0.877551020408163 -42.8125823745639
0.897959183673469 -39.6282123932953
0.918367346938775 -32.6705158071706
0.938775510204082 -19.7840675886434
0.959183673469388 -6.12339085832616
0.979591836734694 2.68921385143167
1 -0.146229516324168
