0 80
0,0204081632653061 81,6494266983923
0,0408163265306122 83,3328610022017
0,0612244897959184 85,0510040745822
0,0816326530612245 86,8045715351533
0,102040816326531 88,5942937580606
0,122448979591837 90,4209161761825
0,142857142857143 92,2851995916086
0,163265306122449 94,1879204925194
0,183673469387755 96,1298713765995
0,204081632653061 98,1118610811192
0,224489795918367 100,134715119821
0,244897959183673 102,199276026753
0,26530612244898 104,306403707189
0,285714285714286 106,456975795788
0,306122448979592 108,651888022134
0,326530612244898 110,892054583814
0,346938775510204 113,178408527191
0,36734693877551 115,51190213602
0,387755102040816 117,893507328085
0,408163265306122 120,324216060011
0,428571428571429 122,805040740417
0,448979591836735 125,337014651597
0,469387755102041 127,921192379886
0,489795918367347 130,558650254905
0,510204081632653 133,250486797862
0,530612244897959 135,997823179089
0,551020408163265 138,801803685024
0,571428571428571 141,663596194812
0,591836734693878 144,584392666737
0,612244897959184 147,565409634679
0,63265306122449 150,607888714812
0,653061224489796 153,713097122746
0,673469387755102 156,882328201331
0,693877551020408 160,116901959346
0,714285714285714 163,418165621291
0,73469387755102 166,787494188517
0,755102040816326 170,226291011923
0,775510204081633 173,735988376465
0,795918367346939 177,318048097711
0,816326530612245 180,973962130701
0,836734693877551 184,705253191354
0,857142857142857 188,513475390693
0,877551020408163 192,400214882144
0,897959183673469 196,367090522182
0,918367346938775 200,415754544593
0,938775510204082 204,547893248647
0,959183673469388 208,76522770145
0,979591836734694 213,069514454784
1 217,462546276724
