0 0,824999497654453
0,0204081632653061 0,824999497654453
0,0408163265306122 0,819855473756333
0,0612244897959184 0,809579593039389
0,0816326530612245 0,79419622279504
0,102040816326531 0,773741996722257
0,122448979591837 0,748265914044835
0,142857142857143 0,71782947133882
0,163265306122449 0,6825068267866
0,183673469387755 0,642384996501471
0,204081632653061 0,597564082492505
0,224489795918367 0,548157531764038
0,244897959183673 0,494292425966947
0,26530612244898 0,436109800939678
0,285714285714286 0,373764995395618
0,306122448979592 0,307428027929597
0,326530612244898 0,237284001429811
0,346938775510204 0,163533533892114
0,36734693877551 0,0863932145411259
0,387755102040816 0,0060960840668202
0,408163265306122 -0,0771078623140469
0,428571428571429 -0,162951150365365
0,448979591836735 -0,251148282408589
0,469387755102041 -0,341395174580844
0,489795918367347 -0,433368577501213
0,510204081632653 -0,526725482191973
0,530612244897959 -0,62110251322588
0,551020408163265 -0,716115311199674
0,571428571428571 -0,811357906767917
0,591836734693878 -0,906402088610189
0,612244897959184 -1,00079676784869
0,63265306122449 -1,09406734158244
0,653061224489796 -1,18571505835876
0,673469387755102 -1,27521638856234
0,693877551020408 -1,36202240286758
0,714285714285714 -1,44555816206984
0,73469387755102 -1,52522212178774
0,755102040816326 -1,60038555570923
0,775510204081633 -1,67039200124114
0,795918367346939 -1,73455673161339
0,816326530612245 -1,79216625868614
0,836734693877551 -1,84247787091007
0,857142857142857 -1,88471921109697
0,877551020408163 -1,91808789886935
0,897959183673469 -1,941751202874
0,918367346938775 -1,95484576806505
0,938775510204082 -1,95647740358632
0,959183673469388 -1,94572093701132
0,979591836734694 -1,92162014093075
1 -1,88318773811214
