0 0
1 0.0356039160104257
2 0.0713316088243592
3 0.107183079739104
4 0.143158323022007
5 0.179257325853981
6 0.215480068272628
7 0.251826523114977
8 0.288296655959826
9 0.324890425069708
10 0.361607781332474
11 0.398448668202502
12 0.435413021641533
13 0.472500770059141
14 0.509711834252847
15 0.547046127347862
16 0.584503554736488
17 0.622084014017168
18 0.659787394933181
19 0.697613579311013
20 0.735562440998381
21 0.773633845801924
22 0.811827651424581
23 0.850143707402632
24 0.888581855042431
25 0.927141927356823
26 0.965823749001256
27 1.00462713620959
28 1.04355189672959
29 1.08259782975819
30 1.12176472587637
31 1.16105236698381
32 1.20046052623329
33 1.23998896796477
34 1.27963744763921
35 1.31940571177213
36 1.35929349786696
37 1.39930053434802
38 1.43942654049342
39 1.47967122636756
40 1.52003429275351
41 1.56051543108507
42 1.60111432337868
43 1.64183064216506
44 1.68266405042069
45 1.72361420149897
46 1.76468073906136
47 1.80586329700811
48 1.84716149940901
49 1.88857496043375
50 1.9301032842823
51 1.97174606511492
52 2.01350288698221
53 2.05537332375478
54 2.09735693905298
55 2.13945328617628
56 2.18166190803267
57 2.22398233706783
58 2.26641409519419
59 2.3089566937199
60 2.3516096332776
61 2.39437240375318
62 2.43724448421436
63 2.48022534283919
64 2.52331443684451
65 2.5665112124142
66 2.6098151046275
67 2.65322553738715
68 2.69674192334751
69 2.74036366384259
70 2.78409014881409
71 2.82792075673932
72 2.87185485455911
73 2.91589179760571
74 2.96003092953065
75 3.00427158223254
76 3.04861307578496
77 3.09305471836422
78 3.13759580617722
79 3.1822356233893
80 3.22697344205206
81 3.27180852203127
82 3.31674011093475
83 3.36176744404036
84 3.40688974422396
85 3.45210622188751
86 3.49741607488713
87 3.54281848846131
88 3.58831263515919
89 3.63389767476888
90 3.67957275424589
91 3.72533700764169
92 3.77118955603235
93 3.8171295074473
94 3.86315595679819
95 3.90926798580794
96 3.95546466293989
97 4.00174504332706
98 4.04810816870165
99 4.09455306732463
100 4.14107875391556
101 4.18768422958253
102 4.23436848175231
103 4.28113048410073
104 4.32796919648321
105 4.37488356486555
106 4.42187252125488
107 4.4689349836309
108 4.51606985587734
109 4.56327602771362
110 4.61055237462685
111 4.657897757804
112 4.7053110240644
113 4.7527910057925
114 4.80033652087093
115 4.84794637261383
116 4.89561934970052
117 4.94335422610945
118 4.99114976105248
119 5.03900469890954
120 5.08691776916355
121 5.13488768633574
122 5.18291314992132
123 5.23099284432552
124 5.27912543879996
125 5.32730958737951
126 5.37554392881942
127 5.42382708653293
128 5.47215766852927
129 5.52053426735207
130 5.56895546001825
131 5.61741980795726
132 5.66592585695084
133 5.71447213707323
134 5.76305716263179
135 5.81167943210821
136 5.86033742810005
137 5.9090296172629
138 5.95775445025302
139 6.00651036167041
140 6.05529577000254
141 6.10410907756848
142 6.15294867046365
143 6.20181291850511
144 6.25070017517738
145 6.29960877757884
146 6.34853704636874
147 6.39748328571478
148 6.44644578324124
149 6.49542280997782
150 6.54441262030898
151 6.59341345192399
152 6.64242352576759
153 6.69144104599132
154 6.74046419990542
155 6.7894911579315
156 6.83852007355583
157 6.88754908328334
158 6.93657630659225
159 6.98559984588951
160 7.03461778646686
161 7.08362819645765
162 7.13262912679442
163 7.18161861116713
164 7.23059466598227
165 7.27955529032265
166 7.32849846590794
167 7.37742215705608
168 7.42632431064538
169 7.47520285607754
170 7.52405570524131
171 7.57288075247719
172 7.62167587454272
173 7.67043893057884
174 7.71916776207691
175 7.7678601928467
176 7.81651402898521
177 7.86512705884641
178 7.91369705301176
179 7.96222176426177
180 8.01069892754837
181 8.05912625996823
182 8.107501460737
183 8.15582221116449
184 8.20408617463081
185 8.25229099656342
186 8.30043430441522
187 8.34851370764354
188 8.39652679769016
189 8.44447114796229
190 8.49234431381462
191 8.5401438325323
192 8.58786722331499
193 8.63551198726194
194 8.68307560735812
195 8.73055554846135
196 8.77794925729056
197 8.82525416241508
198 8.87246767424501
199 8.9195871850227
200 8.96661006881532
201 9.01353368150851
202 9.06035536080118
203 9.10707242620145
204 9.15368217902369
205 9.20018190238667
206 9.24656886121301
207 9.29284030222959
208 9.33899345396931
209 9.38502552677392
210 9.43093371279809
211 9.47671518601465
212 9.5223671022211
213 9.56788659904722
214 9.61327079596404
215 9.65851679429397
216 9.70362167722214
217 9.74858250980908
218 9.79339633900464
219 9.83806019366307
220 9.88257108455956
221 9.92692600440792
222 9.9711219278796
223 10.0151558116241
224 10.0590245942904
225 10.1027251965502
226 10.1462545211221
227 10.189609452797
228 10.2327868584656
229 10.275783587146
230 10.3185964700141
231 10.3612223204341
232 10.4036579339914
233 10.4459000885259
234 10.4879455441675
235 10.529791043373
236 10.5714333109632
237 10.6128690541635
238 10.6540949626437
239 10.695107708561
240 10.7359039466033
241 10.7764803140346
242 10.8168334307412
243 10.8569598992805
244 10.8968563049298
245 10.9365192157377
246 10.9759451825765
247 11.015130739196
248 11.0540724022792
249 11.0927666714993
250 11.1312100295779
251 11.169398942345
252 11.2073298588007
253 11.2449992111782
254 11.2824034150081
255 11.3195388691848
256 11.3564019560338
257 11.3929890413813
258 11.4292964746243
259 11.4653205888037
260 11.5010577006774
261 11.5365041107961
262 11.5716561035804
263 11.6065099473991
264 11.6410618946494
265 11.6753081818389
266 11.7092450296689
267 11.7428686431189
268 11.7761752115338
269 11.8091609087118
270 11.841821892994
271 11.8741543073561
272 11.9061542795013
273 11.9378179219548
274 11.9691413321605
275 12.0001205925785
276 12.0307517707848
277 12.0610309195726
278 12.0909540770551
279 12.1205172667699
280 12.1497164977851
281 12.1785477648076
282 12.2070070482916
283 12.2350903145509
284 12.2627935158706
285 12.2901125906225
286 12.3170434633803
287 12.3435820450383
288 12.3697242329301
289 12.3954659109502
290 12.4208029496768
291 12.4457312064961
292 12.4702465257286
293 12.4943447387568
294 12.5180216641551
295 12.5412731078207
296 12.5640948631068
297 12.5864827109567
298 12.6084324200408
299 12.629939746894
300 12.6510004360557
301 12.6716102202108
302 12.6917648203333
303 12.7114599458305
304 12.7306912946896
305 12.749454553626
306 12.7677453982328
307 12.7855594931325
308 12.80289249213
309 12.8197400383676
310 12.8360977644814
311 12.8519612927598
312 12.8673262353029
313 12.8821881941845
314 12.8965427616154
315 12.9103855201079
316 12.9237120426428
317 12.9365178928374
318 12.9487986251159
319 12.9605497848803
320 12.9717669086843
321 12.982445524408
322 12.9925811514344
323 13.0021693008276
324 13.0112054755131
325 13.0196851704589
326 13.0276038728586
327 13.0349570623167
328 13.0417402110348
329 13.0479487839995
330 13.0535782391721
331 13.0586240276804
332 13.0630815940111
333 13.0669463762044
334 13.0702138060505
335 13.072879309287
336 13.0749383057984
337 13.0763862098166
338 13.0772184301243
339 13.077430370258
340 13.0770174287144
341 13.0759749991572
342 13.0742984706261
343 13.0719832277469
344 13.0690246509433
345 13.0654181166505
346 13.0611589975296
347 13.0562426626848
348 13.0506644778804
349 13.0444198057607
350 13.037504006071
351 13.0299124358794
352 13.0216404498013
353 13.0126834002244
354 13.0030366375351
355 12.9926955103474
356 12.981655365732
357 12.9699115494476
358 12.9574594061733
359 12.9442942797423
360 12.9304115133774
361 12.9158064499276
362 12.900474432106
363 12.8844108027292
364 12.8676109049582
365 12.8500700825402
366 12.8317836800519
367 12.8127470431446
368 12.7929555187898
369 12.7724044555266
370 12.7510892037105
371 12.7290051157627
372 12.7061475464214
373 12.6825118529943
374 12.6580933956119
375 12.632887537482
376 12.606889645146
377 12.5800950887361
378 12.5524992422327
379 12.524097483725
380 12.4948851956705
381 12.4648577651573
382 12.4340105841667
383 12.4023390498367
384 12.3698385647275
385 12.3365045370873
386 12.3023323811189
387 12.2673175172484
388 12.2314553723937
389 12.194741380235
390 12.1571709814855
391 12.1187396241636
392 12.0794427638656
393 12.0392758640398
394 11.998234396261
395 11.9563138405064
396 11.9135096854318
397 11.8698174286493
398 11.8252325770051
399 11.779750646859
400 11.7333671643636
401 11.6860776657454
402 11.6378776975859
403 11.5887628171034
404 11.5387285924364
405 11.4877706029264
406 11.4358844394026
407 11.3830657044663
408 11.3293100127764
409 11.2746129913358
410 11.2189702797776
411 11.1623775306525
412 11.1048304097166
413 11.0463245962196
414 10.9868557831936
415 10.9264196777425
416 10.8650120013314
417 10.8026284900774
418 10.7392648950395
419 10.67491698251
420 10.6095805343059
421 10.5432513480601
422 10.4759252375141
423 10.4075980328101
424 10.3382655807831
425 10.2679237452546
426 10.1965684073251
427 10.1241954656674
428 10.0508008368206
429 9.97638045548304
430 9.90093027480644
431 9.82444626668971
432 9.74692442207285
433 9.66836075123093
434 9.58875128406817
435 9.50809207041187
436 9.42637918030651
437 9.34360870430763
438 9.25977675377574
439 9.17487946117007
440 9.08891298034225
441 9.00187348682976
442 8.91375717814925
443 8.82456027408968
444 8.73427901700512
445 8.64290967210736
446 8.55044852775828
447 8.45689189576174
448 8.36223611165532
449 8.2664775350015
450 8.16961254967858
451 8.07163756417109
452 7.97254901185979
453 7.87234335131112
454 7.77101706656617
455 7.66856666742914
456 7.56498868975516
457 7.46027969573753
458 7.35443627419435
459 7.24745504085448
460 7.13933263864276
461 7.03006573796459
462 6.91965103698969
463 6.80808526193513
464 6.69536516734751
465 6.5814875363843
466 6.4664491810944
467 6.35024694269762
468 6.23287769186343
469 6.11433832898858
470 5.99462578447387
471 5.87373701899976
472 5.75166902380106
473 5.62841882094042
474 5.50398346358079
475 5.37836003625669
476 5.25154565514431
477 5.12353746833043
478 4.99433265608003
479 4.86392843110273
480 4.73232203881785
481 4.59951075761815
482 4.46549189913224
483 4.33026280848557
484 4.19382086455997
485 4.05616348025179
486 3.91728810272848
487 3.77719221368372
488 3.63587332959089
489 3.49332900195509
490 3.34955681756345
491 3.2045543987338
492 3.05831940356166
493 2.91084952616556
494 2.76214249693056
495 2.61219608275002
496 2.46100808726554
497 2.30857635110509
498 2.15489875211923
499 1.99997320561546
