0 0
1 3,97728917496379E-05
2 0,000119228871661615
3 0,000238279381051031
4 0,000396837106625678
5 0,000594815980826787
6 0,000832131182019008
7 0,00110869913452835
8 0,0014244375085268
9 0,00177926521976236
10 0,00217310242913308
11 0,00260587054210391
12 0,00307749220796478
13 0,00358789131892881
14 0,00413699300906896
15 0,00472472365309193
16 0,00535101086494773
17 0,00601578349627356
18 0,00671897163467037
19 0,00746050660181085
20 0,00824032095137707
21 0,00905834846682646
22 0,00991452415898442
23 0,0108087842634621
24 0,0117410662378976
25 0,0127113087590196
26 0,0137194517195304
27 0,0147654362248087
28 0,0158492045894286
29 0,0169707003334945
30 0,0181298681787896
31 0,0193266540447362
32 0,0205610050441663
33 0,0218328694789014
34 0,023142196835138
35 0,0244889377786392
36 0,0258730441497293
37 0,0272944689580895
38 0,028753166377354
39 0,0302490917395033
40 0,0317822015290545
41 0,0333524533770447
42 0,034959806054808
43 0,0366042194675422
44 0,0382856546476647
45 0,0400040737479543
46 0,0417594400344796
47 0,0435517178793084
48 0,0453808727529996
49 0,0472468712168735
50 0,0491496809150599
51 0,0510892705663206
52 0,0530656099556461
53 0,0550786699256232
54 0,0571284223675716
55 0,0592148402124487
56 0,0613378974215189
57 0,0634975689767871
58 0,0656938308711926
59 0,0679266600985633
60 0,0701960346433266
61 0,0725019334699755
62 0,0748443365122885
63 0,0772232246623003
64 0,0796385797590214
65 0,0820903845769055
66 0,0845786228140609
67 0,0871032790802061
68 0,089664338884365
69 0,0922617886223017
70 0,0948956155636918
71 0,0975658078390281
72 0,100272354426259
73 0,103015245137159
74 0,105794470603421
75 0,108610022262486
76 0,111461892343087
77 0,114350073850519
78 0,117274560551628
79 0,120235346959521
80 0,123232428317984
81 0,126265800585625
82 0,129335460419717
83 0,132441405159757
84 0,135583632810731
85 0,138762142026085
86 0,141976932090395
87 0,145228002901745
88 0,148515354953796
89 0,151838989317557
90 0,15519890762285
91 0,158595112039467
92 0,162027605258013
93 0,165496390470448
94 0,169001471350304
95 0,172542852032593
96 0,176120537093396
97 0,17973453152913
98 0,183384840735493
99 0,187071470486091
100 0,190794426910728
101 0,19455371647338
102 0,198349345949828
103 0,202181322404967
104 0,206049653169776
105 0,209954345817953
106 0,213895408142213
107 0,217872848130243
108 0,221886673940318
109 0,225936893876572
110 0,23002351636392
111 0,234146549922634
112 0,238306003142571
113 0,242501884657047
114 0,246734203116353
115 0,251002967160926
116 0,255308185394148
117 0,259649866354799
118 0,264028018489139
119 0,268442650122632
120 0,272893769431301
121 0,277381384412721
122 0,281905502856637
123 0,286466132315218
124 0,291063280072931
125 0,295696953116052
126 0,300367158101787
127 0,305073901327026
128 0,309817188696718
129 0,314597025691854
130 0,319413417337084
131 0,324266368167933
132 0,329155882197642
133 0,33408196288362
134 0,339044613093502
135 0,344043835070822
136 0,34907963040029
137 0,354151999972677
138 0,359260943949304
139 0,364406461726137
140 0,369588551897476
141 0,374807212219256
142 0,380062439571939
143 0,385354229923003
144 0,390682578289033
145 0,396047478697403
146 0,40144892414755
147 0,406886906571847
148 0,41236141679606
149 0,417872444499397
150 0,423419978174149
151 0,429004005084914
152 0,434624511227412
153 0,440281481286879
154 0,445974898596051
155 0,451704745092728
156 0,457471001276924
157 0,463273646167592
158 0,469112657258934
159 0,474988010476288
160 0,480899680131597
161 0,486847638878448
162 0,492831857666698
163 0,498852305696666
164 0,504908950372909
165 0,511001757257562
166 0,517130690023265
167 0,523295710405652
168 0,529496778155416
169 0,535733850989952
170 0,542006884544557
171 0,548315832323221
172 0,554660645648967
173 0,56104127361378
174 0,567457663028092
175 0,573909758369844
176 0,580397501733114
177 0,586920832776314
178 0,593479688669958
179 0,600074004043994
180 0,606703710934709
181 0,613368738731197
182 0,620069014121402
183 0,626804461037721
184 0,633575000602184
185 0,640380551071191
186 0,647221027779831
187 0,654096343085758
188 0,661006406312642
189 0,667951123693187
190 0,674930398311718
191 0,68194413004634
192 0,688992215510664
193 0,696074547995104
194 0,703191017407749
195 0,710341510214804
196 0,717525909380598
197 0,724744094307175
198 0,731995940773452
199 0,739281320873952
200 0,746600102957114
201 0,753952151563177
202 0,761337327361641
203 0,76875548708831
204 0,776206483481908
205 0,783690165220277
206 0,791206376856159
207 0,798754958752556
208 0,806335747017676
209 0,813948573439461
210 0,821593265419708
211 0,829269645907766
212 0,836977533333836
213 0,844716741541846
214 0,852487079721932
215 0,860288352342505
216 0,868120359081912
217 0,875982894759701
218 0,883875749267478
219 0,891798707499368
220 0,899751549282077
221 0,907734049304563
222 0,915745977047305
223 0,923787096711189
224 0,931857167146001
225 0,939955941778534
226 0,948083168540307
227 0,956238589794907
228 0,964421942264951
229 0,972632956958662
230 0,980871359096081
231 0,989136868034898
232 0,997429197195921
233 1,00574805398817
234 1,01409313973361
235 1,02246414959153
236 1,03086077248256
237 1,03928269101229
238 1,04772958139464
239 1,05620111337477
240 1,06469695015169
241 1,07321674830056
242 1,08176015769459
243 1,09032682142662
244 1,09891637573041
245 1,10752844990156
246 1,11616266621807
247 1,12481863986069
248 1,13349597883283
249 1,14219428388023
250 1,15091314841027
251 1,15965215841103
252 1,16841089236999
253 1,17718892119249
254 1,18598580811981
255 1,19480110864705
256 1,20363437044068
257 1,21248513325579
258 1,22135292885309
259 1,23023728091567
260 1,23913770496538
261 1,24805370827907
262 1,25698478980451
263 1,26593044007604
264 1,27489014113001
265 1,28386336641994
266 1,2928495807315
267 1,30184824009713
268 1,31085879171061
269 1,31988067384122
270 1,3289133157478
271 1,33795613759259
272 1,34700855035477
273 1,35606995574389
274 1,3651397461131
275 1,3742173043721
276 1,38330200389998
277 1,39239320845787
278 1,40149027210141
279 1,41059253909301
280 1,419699343814
281 1,42881001067659
282 1,4379238540357
283 1,44704017810064
284 1,45615827684661
285 1,46527743392615
286 1,47439692258036
287 1,4835160055501
288 1,49263393498701
289 1,50174995236441
290 1,51086328838821
291 1,51997316290756
292 1,52907878482556
293 1,53817935200981
294 1,54727405120289
295 1,55636205793282
296 1,56544253642339
297 1,57451463950453
298 1,58357750852254
299 1,59263027325032
300 1,60167205179761
301 1,61070195052115
302 1,61971906393482
303 1,62872247461984
304 1,6377112531349
305 1,64668445792632
306 1,65564113523823
307 1,66458031902276
308 1,67350103085031
309 1,68240227981974
310 1,69128306246877
311 1,70014236268428
312 1,70897915161277
313 1,71779238757086
314 1,72658101595585
315 1,7353439691564
316 1,74408016646331
317 1,75278851398033
318 1,76146790453519
319 1,77011721759067
320 1,77873531915584
321 1,78732106169741
322 1,79587328405126
323 1,80439081133408
324 1,81287245485523
325 1,82131701202874
326 1,82972326628548
327 1,83808998698554
328 1,84641592933084
329 1,85469983427788
330 1,86294042845077
331 1,87113642405446
332 1,87928651878819
333 1,88738939575925
334 1,89544372339694
335 1,90344815536677
336 1,91140133048504
337 1,9193018726336
338 1,92714839067495
339 1,93493947836764
340 1,94267371428199
341 1,9503496617161
342 1,95796586861225
343 1,96552086747359
344 1,97301317528121
345 1,98044129341157
346 1,98780370755428
347 1,9950988876303
348 2,00232528771054
349 2,00948134593477
350 2,01656548443109
351 2,02357610923567
352 2,03051161021306
353 2,03737036097687
354 2,04415071881087
355 2,05085102459068
356 2,05746960270578
357 2,06400476098214
358 2,07045479060526
359 2,07681796604375
360 2,08309254497343
361 2,08927676820194
362 2,0953688595939
363 2,10136702599664
364 2,10726945716642
365 2,11307432569531
366 2,11877978693858
367 2,12438397894275
368 2,12988502237414
369 2,13528102044814
370 2,14057005885908
371 2,14575020571063
372 2,15081951144703
373 2,15577600878481
374 2,16061771264528
375 2,16534262008765
376 2,16994871024284
377 2,17443394424802
378 2,17879626518186
379 2,18303359800044
380 2,187143849474
381 2,19112490812432
382 2,19497464416293
383 2,1986909094301
384 2,20227153733451
385 2,20571434279383
386 2,209017122176
387 2,21217765324138
388 2,21519369508572
389 2,21806298808392
390 2,22078325383466
391 2,2233521951059
392 2,22576749578123
393 2,22802682080708
394 2,23012781614085
395 2,23206810869992
396 2,23384530631156
397 2,23545699766379
398 2,23690075225716
399 2,23817412035744
400 2,23927463294931
401 2,24019980169102
402 2,24094711886996
403 2,24151405735926
404 2,24189807057543
405 2,24209659243692
406 2,24210703732377
407 2,24192680003822
408 2,24155325576648
409 2,24098376004139
410 2,24021564870628
411 2,23924623787984
412 2,23807282392207
413 2,23669268340135
414 2,2351030730626
415 2,23330122979655
416 2,23128437061015
417 2,22904969259811
418 2,22659437291559
419 2,22391556875204
420 2,22101041730621
421 2,21787603576234
422 2,21450952126753
423 2,21090795091035
424 2,20706838170058
425 2,20298785055024
426 2,19866337425583
427 2,19409194948176
428 2,18927055274514
429 2,18419614040168
430 2,178865648633
431 2,17327599343514
432 2,16742407060834
433 2,1613067557482
434 2,15492090423807
435 2,14826335124282
436 2,14133091170384
437 2,13412038033551
438 2,1266285316229
439 2,11885211982087
440 2,11078787895455
441 2,10243252282116
442 2,09378274499323
443 2,08483521882322
444 2,07558659744948
445 2,06603351380373
446 2,05617258061983
447 2,04600039044405
448 2,0355135156468
449 2,0247085084357
450 2,01358190087021
451 2,00213020487764
452 1,99034991227067
453 1,97823749476634
454 1,9657894040065
455 1,95300207157977
456 1,93987190904499
457 1,92639530795619
458 1,91256863988907
459 1,89838825646895
460 1,88385048940037
461 1,86895165049805
462 1,85368803171959
463 1,83805590519954
464 1,82205152328513
465 1,80567111857358
466 1,78891090395086
467 1,77176707263216
468 1,75423579820389
469 1,73631323466721
470 1,71799551648327
471 1,69927875861994
472 1,68015905660024
473 1,6606324865523
474 1,640695105261
475 1,62034295022119
476 1,59957203969258
477 1,57837837275622
478 1,55675792937265
479 1,53470667044167
480 1,51222053786381
481 1,48929545460334
482 1,4659273247531
483 1,44211203360084
484 1,4178454476973
485 1,39312341492598
486 1,36794176457451
487 1,34229630740776
488 1,31618283574263
489 1,28959712352446
490 1,26253492640522
491 1,2349919818233
492 1,20696400908506
493 1,17844670944807
494 1,14943576620598
495 1,11992684477521
496 1,08991559278321
497 1,05939764015854
498 1,02836859922259
499 0,996824064783045
