0 10
1 9.95320224181829
2 9.90629256306521
3 9.85927082857742
4 9.8121369022686
5 9.7648906471484
6 9.71753192534119
7 9.67006059810488
8 9.62247652584939
9 9.57477956815512
10 9.52696958379126
11 9.47904643073396
12 9.43100996618428
13 9.38286004658622
14 9.33459652764443
15 9.2862192643419
16 9.23772811095741
17 9.18912292108305
18 9.14040354764147
19 9.09156984290301
20 9.04262165850284
21 8.99355884545779
22 8.94438125418328
23 8.89508873450996
24 8.84568113570034
25 8.79615830646529
26 8.74652009498036
27 8.69676634890214
28 8.64689691538437
29 8.59691164109399
30 8.54681037222717
31 8.49659295452506
32 8.44625923328965
33 8.39580905339935
34 8.34524225932456
35 8.29455869514318
36 8.24375820455587
37 8.1928406309014
38 8.14180581717182
39 8.09065360602746
40 8.03938383981202
41 7.98799636056736
42 7.9364910100484
43 7.88486762973776
44 7.83312606086045
45 7.78126614439836
46 7.72928772110474
47 7.67719063151857
48 7.62497471597884
49 7.57263981463876
50 7.52018576747985
51 7.46761241432605
52 7.4149195948576
53 7.36210714862496
54 7.30917491506263
55 7.25612273350281
56 7.2029504431891
57 7.14965788329007
58 7.09624489291274
59 7.04271131111598
60 6.9890569769239
61 6.93528172933911
62 6.88138540735589
63 6.82736784997338
64 6.77322889620858
65 6.71896838510939
66 6.6645861557675
67 6.61008204733124
68 6.55545589901842
69 6.50070755012895
70 6.4458368400576
71 6.3908436083065
72 6.33572769449771
73 6.28048893838566
74 6.22512717986951
75 6.16964225900558
76 6.11403401601948
77 6.05830229131844
78 6.00244692550334
79 5.94646775938089
80 5.89036463397558
81 5.83413739054168
82 5.77778587057516
83 5.72130991582546
84 5.66470936830736
85 5.60798407031263
86 5.55113386442177
87 5.4941585935156
88 5.43705810078677
89 5.37983222975135
90 5.32248082426018
91 5.26500372851035
92 5.20740078705647
93 5.14967184482198
94 5.09181674711039
95 5.03383533961645
96 4.97572746843724
97 4.91749298008329
98 4.85913172148955
99 4.80064354002642
100 4.74202828351061
101 4.68328580021603
102 4.62441593888458
103 4.56541854873695
104 4.50629347948334
105 4.44704058133406
106 4.38765970501023
107 4.32815070175428
108 4.26851342334051
109 4.20874772208553
110 4.14885345085873
111 4.0888304630926
112 4.02867861279309
113 3.96839775454988
114 3.90798774354662
115 3.84744843557111
116 3.78677968702544
117 3.72598135493612
118 3.66505329696405
119 3.60399537141463
120 3.54280743724761
121 3.48148935408709
122 3.42004098223133
123 3.35846218266261
124 3.296752817057
125 3.2349127477941
126 3.17294183796668
127 3.11083995139042
128 3.04860695261345
129 2.98624270692589
130 2.92374708036945
131 2.86111993974682
132 2.79836115263115
133 2.73547058737541
134 2.67244811312175
135 2.60929359981081
136 2.54600691819093
137 2.48258793982746
138 2.41903653711183
139 2.35535258327076
140 2.29153595237532
141 2.22758651934998
142 2.16350415998161
143 2.09928875092847
144 2.03494016972912
145 1.97045829481129
146 1.90584300550074
147 1.84109418203006
148 1.77621170554741
149 1.71119545812525
150 1.64604532276904
151 1.5807611834258
152 1.51534292499281
153 1.44979043332607
154 1.38410359524885
155 1.3182822985602
156 1.2523264320433
157 1.18623588547391
158 1.12001054962868
159 1.05365031629352
160 0.987155078271787
161 0.920524729392567
162 0.853759164518849
163 0.786858279555654
164 0.719821971458165
165 0.652650138239761
166 0.585342678980075
167 0.517899493832959
168 0.4503204840344
169 0.382605551910485
170 0.314754600885188
171 0.246767535488256
172 0.178644261362927
173 0.110384685273721
174 0.0419887151141097
175 -0.0265437400858324
176 -0.0952127701517918
177 -0.164018463757663
178 -0.232960908417992
179 -0.302040190480492
180 -0.371256395118627
181 -0.440609606324138
182 -0.510099906899726
183 -0.579727378451684
184 -0.649492101382671
185 -0.719394154884379
186 -0.789433616930414
187 -0.859610564269095
188 -0.929925072416327
189 -1.00037721564853
190 -1.07096706699562
191 -1.141694698234
192 -1.21256017987959
193 -1.28356358118094
194 -1.35470497011236
195 -1.42598441336709
196 -1.49740197635049
197 -1.56895772317336
198 -1.64065171664519
199 -1.71248401826748
200 -1.78445468822721
201 -1.85656378539021
202 -1.92881136729463
203 -2.00119749014448
204 -2.07372220880318
205 -2.14638557678716
206 -2.21918764625949
207 -2.29212846802359
208 -2.36520809151697
209 -2.43842656480499
210 -2.51178393457467
211 -2.58528024612856
212 -2.65891554337868
213 -2.73268986884044
214 -2.80660326362663
215 -2.8806557674415
216 -2.95484741857482
217 -3.02917825389601
218 -3.10364830884832
219 -3.17825761744307
220 -3.25300621225389
221 -3.32789412441105
222 -3.40292138359582
223 -3.47808801803485
224 -3.55339405449467
225 -3.62883951827612
226 -3.70442443320895
227 -3.78014882164639
228 -3.85601270445977
229 -3.93201610103322
230 -4.0081590292584
231 -4.08444150552926
232 -4.16086354473688
233 -4.23742516026434
234 -4.31412636398165
235 -4.39096716624064
236 -4.46794757587012
237 -4.54506760017079
238 -4.62232724491046
239 -4.69972651431916
240 -4.77726541108432
241 -4.85494393634612
242 -4.93276208969269
243 -5.01071986915555
244 -5.08881727120494
245 -5.16705429074534
246 -5.24543092111092
247 -5.32394715406113
248 -5.40260297977631
249 -5.48139838685325
250 -5.56033336230106
251 -5.63940789153676
252 -5.7186219583812
253 -5.79797554505483
254 -5.87746863217369
255 -5.95710119874529
256 -6.03687322216469
257 -6.1167846782105
258 -6.19683554104105
259 -6.2770257831905
260 -6.35735537556509
261 -6.43782428743944
262 -6.5184324864528
263 -6.59917993860546
264 -6.68006660825524
265 -6.76109245811384
266 -6.8422574492435
267 -6.92356154105352
268 -7.00500469129694
269 -7.0865868560672
270 -7.16830798979491
271 -7.25016804524469
272 -7.33216697351191
273 -7.4143047240198
274 -7.49658124451622
275 -7.57899648107083
276 -7.66155037807205
277 -7.74424287822432
278 -7.82707392254519
279 -7.91004345036263
280 -7.99315139931228
281 -8.07639770533486
282 -8.15978230267354
283 -8.24330512387143
284 -8.32696609976915
285 -8.41076515950235
286 -8.49470223049937
287 -8.57877723847896
288 -8.66299010744804
289 -8.74734075969948
290 -8.83182911581002
291 -8.91645509463818
292 -9.0012186133222
293 -9.0861195872782
294 -9.17115793019818
295 -9.25633355404824
296 -9.34164636906677
297 -9.42709628376285
298 -9.51268320491433
299 -9.59840703756655
300 -9.68426768503059
301 -9.77026504888187
302 -9.8563990289587
303 -9.94266952336098
304 -10.0290764284488
305 -10.1156196388413
306 -10.2022990474155
307 -10.2891145453051
308 -10.3760660218994
309 -10.4631533648426
310 -10.5503764600324
311 -10.6377351916194
312 -10.7252294420065
313 -10.8128590918478
314 -10.9006240200478
315 -10.9885241037614
316 -11.0765592183927
317 -11.164729237595
318 -11.2530340332698
319 -11.341473475567
320 -11.4300474328843
321 -11.518755771867
322 -11.6075983574077
323 -11.6965750526465
324 -11.7856857189706
325 -11.8749302160146
326 -11.9643084016604
327 -12.0538201320371
328 -12.1434652615218
329 -12.2332436427395
330 -12.3231551265632
331 -12.413199562115
332 -12.5033767967656
333 -12.5936866761358
334 -12.6841290440964
335 -12.7747037427691
336 -12.8654106125272
337 -12.9562494919966
338 -13.0472202180561
339 -13.138322625839
340 -13.2295565487335
341 -13.3209218183841
342 -13.4124182646926
343 -13.5040457158192
344 -13.595803998184
345 -13.6876929364681
346 -13.7797123536148
347 -13.8718620708316
348 -13.9641419075913
349 -14.0565516816334
350 -14.1490912089663
351 -14.2417603038687
352 -14.3345587788912
353 -14.4274864448587
354 -14.5205431108716
355 -14.6137285843083
356 -14.7070426708272
357 -14.8004851743686
358 -14.894055897157
359 -14.9877546397033
360 -15.0815812008074
361 -15.1755353775601
362 -15.269616965346
363 -15.3638257578457
364 -15.4581615470387
365 -15.5526241232056
366 -15.6472132749316
367 -15.7419287891083
368 -15.8367704509374
369 -15.9317380439332
370 -16.0268313499258
371 -16.1220501490641
372 -16.2173942198187
373 -16.3128633389856
374 -16.4084572816891
375 -16.5041758213853
376 -16.6000187298654
377 -16.6959857772592
378 -16.7920767320389
379 -16.8882913610224
380 -16.984629429377
381 -17.0810907006234
382 -17.1776749366394
383 -17.2743818976637
384 -17.3712113423
385 -17.4681630275209
386 -17.5652367086723
387 -17.6624321394771
388 -17.7597490720398
389 -17.8571872568507
390 -17.9547464427902
391 -18.0524263771334
392 -18.1502268055546
393 -18.2481474721316
394 -18.3461881193509
395 -18.4443484881116
396 -18.5426283177313
397 -18.6410273459498
398 -18.7395453089348
399 -18.8381819412868
400 -18.9369369760437
401 -19.0358101446866
402 -19.1348011771444
403 -19.2339098017995
404 -19.3331357454929
405 -19.4324787335296
406 -19.5319384896845
407 -19.6315147362072
408 -19.7312071938282
409 -19.8310155817644
410 -19.9309396177248
411 -20.0309790179165
412 -20.1311334970502
413 -20.2314027683467
414 -20.3317865435424
415 -20.4322845328956
416 -20.532896445193
417 -20.6336219877552
418 -20.7344608664436
419 -20.8354127856665
420 -20.9364774483855
421 -21.0376545561223
422 -21.1389438089648
423 -21.240344905574
424 -21.3418575431908
425 -21.4434814176425
426 -21.5452162233497
427 -21.6470616533334
428 -21.7490173992216
429 -21.8510831512566
430 -21.9532585983023
431 -22.0555434278507
432 -22.1579373260296
433 -22.26043997761
434 -22.3630510660131
435 -22.465770273318
436 -22.5685972802688
437 -22.6715317662829
438 -22.7745734094576
439 -22.8777218865787
440 -22.9809768731279
441 -23.0843380432903
442 -23.1878050699628
443 -23.2913776247618
444 -23.3950553780311
445 -23.4988379988501
446 -23.6027251550419
447 -23.7067165131818
448 -23.8108117386048
449 -23.9150104954146
450 -24.019312446492
451 -24.1237172535027
452 -24.2282245769064
453 -24.3328340759654
454 -24.4375454087528
455 -24.5423582321614
456 -24.6472722019126
457 -24.7522869725651
458 -24.8574021975238
459 -24.9626175290487
460 -25.0679326182637
461 -25.1733471151661
462 -25.2788606686357
463 -25.3844729264433
464 -25.4901835352607
465 -25.5959921406697
466 -25.7018983871715
467 -25.8079019181959
468 -25.9140023761112
469 -26.0201994022333
470 -26.1264926368357
471 -26.2328817191587
472 -26.3393662874195
473 -26.4459459788217
474 -26.5526204295654
475 -26.6593892748566
476 -26.7662521489178
477 -26.8732086849971
478 -26.9802585153794
479 -27.0874012713954
480 -27.1946365834323
481 -27.301964080944
482 -27.4093833924613
483 -27.5168941456021
484 -27.6244959670819
485 -27.7321884827241
486 -27.8399713174709
487 -27.947844095393
488 -28.0558064397012
489 -28.163857972756
490 -28.2719983160791
491 -28.3802270903639
492 -28.4885439154859
493 -28.5969484105141
494 -28.7054401937215
495 -28.8140188825963
496 -28.9226840938528
497 -29.0314354434421
498 -29.1402725465637
499 -29.2491950176765
