0 17,7444081735354
1 17,7353858302892
2 17,7262598258636
3 17,717028649702
4 17,7076907823529
5 17,6982446954776
6 17,6886888518568
7 17,6790217053989
8 17,6692417011476
9 17,6593472752901
10 17,649336855166
11 17,6392088592756
12 17,6289616972893
13 17,6185937700571
14 17,6081034696179
15 17,5974891792101
16 17,5867492732813
17 17,5758821174997
18 17,5648860687641
19 17,5537594752161
20 17,5425006762511
21 17,5311080025303
22 17,5195797759932
23 17,50791430987
24 17,4961099086944
25 17,484164868317
26 17,4720774759189
27 17,4598460100254
28 17,4474687405205
29 17,4349439286614
30 17,4222698270934
31 17,4094446798654
32 17,3964667224454
33 17,3833341817366
34 17,3700452760937
35 17,3565982153398
36 17,3429912007834
37 17,3292224252361
38 17,31529007303
39 17,3011923200365
40 17,2869273336847
41 17,2724932729803
42 17,2578882885252
43 17,2431105225369
44 17,2281581088694
45 17,2130291730331
46 17,1977218322159
47 17,182234195305
48 17,1665643629081
49 17,150710427376
50 17,1346704728251
51 17,1184425751603
52 17,1020248020985
53 17,0854152131927
54 17,0686118598558
55 17,0516127853856
56 17,0344160249901
57 17,0170196058128
58 16,9994215469585
59 16,9816198595205
60 16,9636125466066
61 16,945397603367
62 16,9269730170222
63 16,9083367668905
64 16,8894868244175
65 16,8704211532048
66 16,8511377090398
67 16,8316344399255
68 16,8119092861115
69 16,7919601801247
70 16,7717850468007
71 16,7513818033162
72 16,7307483592208
73 16,7098826164707
74 16,6887824694614
75 16,667445805062
76 16,6458705026497
77 16,6240544341443
78 16,601995464044
79 16,579691449461
80 16,557140240158
81 16,5343396785852
82 16,5112875999177
83 16,4879818320933
84 16,464420195851
85 16,4406005047703
86 16,4165205653102
87 16,3921781768494
88 16,3675711317272
89 16,3426972152842
90 16,3175542059039
91 16,2921398750551
92 16,2664519873346
93 16,2404883005105
94 16,2142465655656
95 16,1877245267421
96 16,1609199215868
97 16,1338304809958
98 16,1064539292612
99 16,0787879841176
100 16,0508303567887
101 16,0225787520359
102 15,994030868206
103 15,9651843972802
104 15,9360370249236
105 15,9065864305353
106 15,8768302872991
107 15,8467662622344
108 15,8163920162484
109 15,7857052041881
110 15,7547034748936
111 15,7233844712516
112 15,6917458302496
113 15,6597851830307
114 15,627500154949
115 15,5948883656256
116 15,5619474290054
117 15,528674953414
118 15,4950685416161
119 15,4611257908734
120 15,4268442930041
121 15,3922216344427
122 15,3572553963002
123 15,3219431544249
124 15,2862824794646
125 15,2502709369286
126 15,2139060872503
127 15,1771854858515
128 15,1401066832058
129 15,1026672249043
130 15,0648646517204
131 15,0266964996764
132 14,9881603001102
133 14,9492535797428
134 14,9099738607464
135 14,8703186608135
136 14,830285493226
137 14,7898718669256
138 14,7490752865844
139 14,7078932526769
140 14,6663232615516
141 14,6243628055043
142 14,5820093728513
143 14,539260448004
144 14,4961135115434
145 14,4525660402963
146 14,4086155074108
147 14,3642593824341
148 14,3194951313896
149 14,2743202168556
150 14,2287320980443
151 14,1827282308817
152 14,1363060680878
153 14,0894630592582
154 14,0421966509457
155 13,9945042867432
156 13,9463834073667
157 13,8978314507397
158 13,8488458520778
159 13,7994240439742
160 13,7495634564861
161 13,6992615172212
162 13,648515651426
163 13,5973232820735
164 13,545681829953
165 13,4935887137594
166 13,4410413501842
167 13,3880371540065
168 13,3345735381852
169 13,280647913952
170 13,2262576909046
171 13,1714002771011
172 13,1160730791551
173 13,0602735023314
174 13,0039989506426
175 12,9472468269463
176 12,890014533043
177 12,832299469775
178 12,7740990371261
179 12,7154106343214
180 12,6562316599287
181 12,5965595119601
182 12,5363915879749
183 12,4757252851822
184 12,4145580005456
185 12,3528871308878
186 12,2907100729962
187 12,228024223729
188 12,1648269801228
189 12,1011157395
190 12,0368878995778
191 11,9721408585775
192 11,9068720153344
193 11,8410787694092
194 11,7747585211995
195 11,7079086720524
196 11,6405266243773
197 11,5726097817607
198 11,5041555490805
199 11,4351613326216
200 11,3656245401924
201 11,2955425812421
202 11,2249128669779
203 11,1537328104848
204 11,0819998268439
205 11,0097113332535
206 10,9368647491497
207 10,8634574963283
208 10,7894869990673
209 10,7149506842504
210 10,6398459814909
211 10,5641703232568
212 10,4879211449965
213 10,4110958852649
214 10,3336919858512
215 10,2557068919065
216 10,1771380520727
217 10,097982918612
218 10,0182389475377
219 9,93790359874444
220 9,85697433614104
221 9,77544862778255
222 9,69332394600402
223 9,61059776755454
224 9,5272675737324
225 9,44333085052078
226 9,35878508872432
227 9,27362778410644
228 9,18785643752749
229 9,10146855508354
230 9,01446164824608
231 8,9268332340024
232 8,83858083499679
233 8,74970197967247
234 8,6601942024143
235 8,57005504369228
236 8,47928205020578
237 8,38787277502854
238 8,29582477775443
239 8,20313562464401
240 8,1098028887718
241 8,01582415017432
242 7,92119699599887
243 7,82591902065313
244 7,72998782595543
245 7,63340102128584
246 7,53615622373794
247 7,43825105827141
248 7,33968315786529
249 7,24045016367207
250 7,14054972517245
251 7,03997950033084
252 6,93873715575168
253 6,8368203668364
254 6,73422681794111
255 6,63095420253516
256 6,52700022336025
257 6,42236259259035
258 6,31703903199237
259 6,21102727308747
260 6,1043250573132
261 5,99693013618621
262 5,88884027146583
263 5,7800532353182
264 5,67056681048127
265 5,56037879043036
266 5,44948697954452
267 5,33788919327351
268 5,22558325830555
269 5,11256701273571
270 4,998838306235
271 4,88439500022014
272 4,76923496802401
273 4,65335609506682
274 4,53675627902788
275 4,41943343001808
276 4,30138547075306
277 4,18261033672698
278 4,06310597638699
279 3,94287035130837
280 3,82190143637028
281 3,70019721993219
282 3,57775570401088
283 3,45457490445823
284 3,33065285113946
285 3,20598758811213
286 3,08057717380571
287 2,9544196812018
288 2,82751319801489
289 2,69985582687385
290 2,57144568550394
291 2,44228090690942
292 2,31235963955682
293 2,18168004755874
294 2,05024031085825
295 1,91803862541388
296 1,78507320338521
297 1,65134227331896
298 1,51684408033573
299 1,38157688631721
300 1,24553897009405
301 1,10872862763418
302 0,971144172231711
303 0,832783934696388
304 0,693646263543568
305 0,553729525184683
306 0,413032104118291
307 0,271552403121571
308 0,129288843442373
309 -0,0137601350082507
310 -0,157596073463027
311 -0,302220494104944
312 -0,447634899873243
313 -0,593840774268979
314 -0,740839581160042
315 -0,888632764585798
316 -1,03722174856122
317 -1,18660793688058
318 -1,33679271292072
319 -1,48777743944388
320 -1,6395634584001
321 -1,79215209072921
322 -1,94554463616236
323 -2,09974237302327
324 -2,2547465580289
325 -2,41055842608992
326 -2,56717919011066
327 -2,72461004078877
328 -2,88285214641446
329 -3,04190665266941
330 -3,20177468242535
331 -3,36245733554225
332 -3,52395568866619
333 -3,68627079502697
334 -3,84940368423529
335 -4,01335536207972
336 -4,17812681032332
337 -4,3437189865
338 -4,51013282371055
339 -4,67736923041844
340 -4,84542909024536
341 -5,01431326176648
342 -5,18402257830543
343 -5,35455784772915
344 -5,5259198522424
345 -5,6981093481821
346 -5,87112706581149
347 -6,04497370911401
348 -6,21964995558708
349 -6,39515645603563
350 -6,57149383436551
351 -6,74866268737666
352 -6,92666358455628
353 -7,10549706787166
354 -7,28516365156307
355 -7,46566382193638
356 -7,64699803715565
357 -7,82916672703563
358 -8,01217029283411
359 -8,19600910704422
360 -8,38068351318667
361 -8,566193825602
362 -8,75254032924254
363 -8,93972327946471
364 -9,12774290182094
365 -9,31659939185179
366 -9,50629291487799
367 -9,69682360579252
368 -9,88819156885265
369 -10,0803968774721
370 -10,2734395740132
371 -10,4673196695791
372 -10,6620371438059
373 -10,8575919446553
374 -11,0539839882068
375 -11,2512131584504
376 -11,4492793070792
377 -11,6481822532821
378 -11,8479217835368
379 -12,0484976514031
380 -12,2499095773158
381 -12,4521572483781
382 -12,6552403181557
383 -12,8591584064701
384 -13,0639110991928
385 -13,2694979480394
386 -13,4759184703646
387 -13,6831721489562
388 -13,8912584318307
389 -14,1001767320283
390 -14,3099264274085
391 -14,5205068604461
392 -14,7319173380273
393 -14,9441571312462
394 -15,1572254752019
395 -15,3711215687955
396 -15,5858445745277
397 -15,8013936182972
398 -16,0177677891985
399 -16,2349661393211
400 -16,452987683549
401 -16,6718313993596
402 -16,8914962266247
403 -17,1119810674106
404 -17,3332847857793
405 -17,5554062075906
406 -17,7783441203032
407 -18,0020972727786
408 -18,2266643750833
409 -18,4520440982931
410 -18,6782350742973
411 -18,9052358956038
412 -19,1330451151443
413 -19,3616612460809
414 -19,5910827616124
415 -19,8213080947822
416 -20,0523356382862
417 -20,2841637442819
418 -20,5167907241973
419 -20,7502148485417
420 -20,9844343467164
421 -21,2194474068265
422 -21,4552521754932
423 -21,6918467576673
424 -21,9292292164428
425 -22,1673975728724
426 -22,4063498057824
427 -22,6460838515899
428 -22,8865976041196
429 -23,1278889144226
430 -23,3699555905951
431 -23,6127953975986
432 -23,8564060570811
433 -24,1007852471985
434 -24,3459306024381
435 -24,591839713442
436 -24,838510126832
437 -25,0859393450358
438 -25,3341248261136
439 -25,5830639835859
440 -25,8327541862628
441 -26,083192758074
442 -26,3343769779001
443 -26,5863040794042
444 -26,8389712508665
445 -27,0923756350177
446 -27,3465143288754
447 -27,6013843835811
448 -27,8569828042378
449 -28,1133065497498
450 -28,3703525326631
451 -28,6281176190073
452 -28,8865986281387
453 -29,1457923325848
454 -29,4056954578896
455 -29,6663046824614
456 -29,9276166374206
457 -30,1896279064496
458 -30,4523350256442
459 -30,7157344833659
460 -30,9798227200958
461 -31,2445961282903
462 -31,5100510522379
463 -31,7761837879174
464 -32,042990582858
465 -32,3104676360003
466 -32,5786110975597
467 -32,8474170688904
468 -33,1168816023517
469 -33,3870007011756
470 -33,6577703193359
471 -33,9291863614193
472 -34,2012446824974
473 -34,4739410880017
474 -34,7472713335988
475 -35,0212311250681
476 -35,2958161181814
477 -35,5710219185835
478 -35,8468440816755
479 -36,1232781124991
480 -36,4003194656229
481 -36,677963545031
482 -36,9562057040128
483 -37,2350412450549
484 -37,5144654197351
485 -37,7944734286182
486 -38,0750604211533
487 -38,3562214955735
488 -38,6379516987978
489 -38,9202460263342
490 -39,2030994221854
491 -39,4865067787563
492 -39,770462936764
493 -40,0549626851487
494 -40,3400007609881
495 -40,6255718494128
496 -40,911670583525
497 -41,1982915443176
498 -41,4854292605972
499 -41,7730782089083
